61088.609606118734518532 5.98e-05
61088.611805101056233980 4.15e-05
61088.614120068516058382 3.61e-05
61088.616434643066895660 4.97e-05
61088.618749610315717291 3.75e-05
61088.621064577477227431 3.44e-05
61088.623379152617417276 3.63e-05
61088.625694119902618695 5.23e-05
61088.628009085812664125 4.48e-05
61088.630324053236108739 3.69e-05
61088.632639020157512277 4.39e-05
61088.634915196256770287 5.95e-05
61088.637268170423340052 4.51e-05
61088.639583138516172767 4.73e-05
61088.641884782831766643 3.61e-05
61088.644213072358979844 3.98e-05
61088.646527255550608970 4.51e-05
61088.648842223628889769 5.31e-05
61088.652083849592600018 6.99e-05
61088.653472157006035559 4.11e-05
61088.655786732240812853 4.52e-05
61088.658101700159022585 3.97e-05
61088.660416275692114141 4.64e-05
61088.662731634227384347 4.36e-05
61088.665045817506324966 4.26e-05
61088.667360784864285961 3.78e-05
61088.669617761072004214 4.18e-05
61088.671990328861284070 3.56e-05
61088.674305295920930803 4.02e-05
61088.676581471365352627 4.08e-05
61088.679108421441924293 6.02e-05
61088.681249806599225849 5.01e-05
61088.683564382045005914 4.73e-05
61088.685879350152390543 3.94e-05
61088.688193925314408261 7.64e-05
61088.690508893720107153 3.77e-05
