2.992223737874143315e-03
2.618195770639875509e-03
2.244167803405607703e-03
1.870139836171339463e-03
1.496111868937071657e-03
1.122083901702803851e-03
7.480559344685356118e-04
3.740279672342678059e-04
0.000000000000000000e+00
4.449207550444831153e-04
9.448969179192609740e-04
1.444873080794039158e-03
1.944849243668817125e-03
2.444825406543594658e-03
2.944801569418373059e-03
3.444777732293150593e-03
3.944753895167928126e-03
4.334649353738181422e-03
4.708677318105931008e-03
5.082705282473681460e-03
5.456733246841431913e-03
5.830761211209181498e-03
6.204789175576931083e-03
6.578817139944682403e-03
6.952845104312431988e-03
7.836059977898905335e-03
8.837920447348004971e-03
9.839780916797102872e-03
1.084164138624620424e-02
1.184350185569530214e-02
1.284536232514440178e-02
1.384722279459350142e-02
1.484908326404260105e-02
1.547551943678233781e-02
1.597549575106358907e-02
1.647547206534484554e-02
1.697544837962610201e-02
1.747542469390735154e-02
1.797540100818860800e-02
1.847537732246986447e-02
1.897535363675111400e-02
1.973155349414799573e-02
2.060555738860166131e-02
2.147956128305533036e-02
2.235356517750898900e-02
2.322756907196265458e-02
2.410157296641631322e-02
2.497557686086998227e-02
2.584958075532364091e-02
2.625825997624297789e-02
2.638420814264789971e-02
2.651015630905282500e-02
2.663610447545775375e-02
2.676205264186267557e-02
2.688800080826759739e-02
2.701394897467252615e-02
2.713989714107745144e-02
2.649664784742380291e-02
2.524670770114436150e-02
2.399676755486492008e-02
2.274682740858547866e-02
2.149688726230604419e-02
2.024694711602660277e-02
1.899700696974716135e-02
1.774706682346771994e-02
1.730271417418988503e-02
1.767674216923396241e-02
1.805077016427804673e-02
1.842479815932212064e-02
1.879882615436619803e-02
1.917285414941027888e-02
1.954688214445435626e-02
1.992091013949844058e-02
2.137920684559752385e-02
2.425693145111908894e-02
2.713465605664064709e-02
3.001238066216220871e-02
3.289010526768377379e-02
3.576782987320533541e-02
3.864555447872690397e-02
4.152327908424845865e-02
4.291936934632820805e-02
4.179346799531425544e-02
4.066756664430030282e-02
3.954166529328636409e-02
3.841576394227241148e-02
3.728986259125847275e-02
3.616396124024452013e-02
3.503805988923057446e-02
3.525647713010317957e-02
3.850822996828433264e-02
4.175998280646549959e-02
4.501173564464665267e-02
4.826348848282781268e-02
5.151524132100897962e-02
5.476699415919013270e-02
5.801874699737129271e-02
6.120901374358848207e-02
6.420886990206549350e-02
6.720872606054252574e-02
7.020858221901955798e-02
7.320843837749659022e-02
7.620829453597360859e-02
7.920815069445064083e-02
8.220800685292767307e-02
8.550265243531776638e-02
9.013029366807889797e-02
9.475793490084001569e-02
9.938557613360113341e-02
1.040132173663622511e-01
1.086408585991233827e-01
1.132684998318845004e-01
1.178961410646456320e-01
1.227009315546537804e-01
1.288285056834131692e-01
1.349560798121725580e-01
1.410836539409319468e-01
1.472112280696913356e-01
1.533388021984506966e-01
1.594663763272100854e-01
1.655939504559694742e-01
1.718388016037696864e-01
1.800941247820059266e-01
1.883494479602421667e-01
1.966047711384784069e-01
2.048600943167146748e-01
2.131154174949509150e-01
2.213707406731871274e-01
2.296260638514233954e-01
2.378813870296596356e-01
2.393115083219981842e-01
2.406873973919114174e-01
2.420632864618246782e-01
2.434391755317378836e-01
2.448150646016511167e-01
2.461909536715643221e-01
2.475668427414775552e-01
2.489427318113908161e-01
2.476448385695979026e-01
2.461430013329141686e-01
2.446411640962304068e-01
2.431393268595466450e-01
2.416374896228629110e-01
2.401356523861791492e-01
2.386338151494954152e-01
2.371319779128116811e-01
2.304318827039839590e-01
2.229284309084650084e-01
2.154249791129460856e-01
2.079215273174271350e-01
2.004180755219081844e-01
1.929146237263892893e-01
1.854111719308703388e-01
1.779077201353514159e-01
1.715092935792166817e-01
1.653817193407120523e-01
1.592541451022074228e-01
1.531265708637027934e-01
1.469989966251981639e-01
1.408714223866935344e-01
1.347438481481889327e-01
1.286162739096842755e-01
1.423900117601927251e-01
1.631504510385437257e-01
1.839108903168947262e-01
2.046713295952456990e-01
2.254317688735966996e-01
2.461922081519477279e-01
2.669526474302987284e-01
2.877130867086497568e-01
3.231234334083722404e-01
3.655183877217397237e-01
4.079133420351072625e-01
4.503082963484747459e-01
4.927032506618422847e-01
5.350982049752098790e-01
5.774931592885772513e-01
6.198881136019448457e-01
6.645884298163120540e-01
7.107370211482567646e-01
7.568856124802014751e-01
8.030342038121461856e-01
8.491827951440908961e-01
8.953313864760356067e-01
9.414799778079803172e-01
9.876285691399250277e-01
1.000000000000000000e+00
9.848671504124478782e-01
9.697343008248958673e-01
9.546014512373437455e-01
9.394686016497915126e-01
9.243357520622395018e-01
9.092029024746873800e-01
8.940700528871351471e-01
8.709999847536457063e-01
8.396083332224066886e-01
8.082166816911675600e-01
7.768250301599284313e-01
7.454333786286894137e-01
7.140417270974502850e-01
6.826500755662111564e-01
6.512584240349721387e-01
6.156134501849991336e-01
5.742185213766323182e-01
5.328235925682652807e-01
4.914286637598983543e-01
4.500337349515314278e-01
4.086388061431644458e-01
3.672438773347975194e-01
3.258489485264305374e-01
2.932415694362197622e-01
2.761087873161769402e-01
2.589760051961341736e-01
2.418432230760912960e-01
2.247104409560484739e-01
2.075776588360056518e-01
1.904448767159628297e-01
1.733120945959200354e-01
1.582371077312839380e-01
1.479818648001026415e-01
1.377266218689213451e-01
1.274713789377400208e-01
1.172161360065587105e-01
1.069608930753774140e-01
9.670565014419610361e-02
8.645040721301480713e-02
7.779046553340131231e-02
7.428872785477010077e-02
7.078699017613888922e-02
6.728525249750767767e-02
6.378351481887645225e-02
6.028177714024525458e-02
5.678003946161404303e-02
5.327830178298283148e-02
4.992828618501447130e-02
4.730245536906971943e-02
4.467662455312496755e-02
4.205079373718021568e-02
3.942496292123546381e-02
3.679913210529071194e-02
3.417330128934596700e-02
3.154747047340120819e-02
2.910086103819650022e-02
2.810090794982066792e-02
2.710095486144483909e-02
2.610100177306899985e-02
2.510104868469317102e-02
2.410109559631733872e-02
2.310114250794150295e-02
2.210118941956567065e-02
2.117209845751491862e-02
2.167207502086172799e-02
2.217205158420854430e-02
2.267202814755536061e-02
2.317200471090216651e-02
2.367198127424898282e-02
2.417195783759579913e-02
2.467193440094260851e-02
2.517191096428942482e-02
2.517978207788292705e-02
2.517978207788292705e-02
2.517978207788292705e-02
2.517978207788292705e-02
2.517978207788292705e-02
2.517978207788292705e-02
2.517978207788292705e-02
2.517978207788292705e-02
2.517978207788292705e-02
2.517978207788292705e-02
2.517978207788292705e-02
2.517978207788292705e-02
2.517978207788292705e-02
2.517978207788292705e-02
2.517978207788292705e-02
2.517978207788292705e-02
2.550079348781779040e-02
2.587482158740203250e-02
2.624884968698627807e-02
2.662287778657052018e-02
2.699690588615476228e-02
2.737093398573901132e-02
2.774496208532325342e-02
2.811899018490749552e-02
2.769930545747161660e-02
2.707528894932654043e-02
2.645127244118145732e-02
2.582725593303638115e-02
2.520323942489130498e-02
2.457922291674622187e-02
2.395520640860114570e-02
2.333118990045606952e-02
2.380554381511463050e-02
2.468145696344535567e-02
2.555737011177608431e-02
2.643328326010681295e-02
2.730919640843753812e-02
2.818510955676826676e-02
2.906102270509899194e-02
2.993693585342972058e-02
3.056123544432371580e-02
3.106121004576066144e-02
3.156118464719760708e-02
3.206115924863455618e-02
3.256113385007150529e-02
3.306110845150844746e-02
3.356108305294539657e-02
3.406105765438233873e-02
3.395478203129964623e-02
3.345480570556857991e-02
3.295482937983751359e-02
3.245485305410644727e-02
3.195487672837537402e-02
3.145490040264430770e-02
3.095492407691324138e-02
3.045494775118217159e-02
2.988654446010427512e-02
2.926061967243714229e-02
2.863469488477000946e-02
2.800877009710287663e-02
2.738284530943574033e-02
2.675692052176860750e-02
2.613099573410147466e-02
2.550507094643434183e-02
2.493963994480283275e-02
2.443966338145602338e-02
2.393968681810921054e-02
2.343971025476239423e-02
2.293973369141558485e-02
2.243975712806876854e-02
2.193978056472195223e-02
2.143980400137514286e-02
2.109591703245803848e-02
2.096996885640055319e-02
2.084402068034306443e-02
2.071807250428557914e-02
2.059212432822809039e-02
2.046617615217060163e-02
2.034022797611312328e-02
2.021427980005563452e-02
2.048727148636781542e-02
2.148722093936267577e-02
2.248717039235752918e-02
2.348711984535238953e-02
2.448706929834724988e-02
2.548701875134210329e-02
2.648696820433696364e-02
2.748691765733181705e-02
2.859638456546838986e-02
2.997227431071056852e-02
3.134816405595274025e-02
3.272405380119491891e-02
3.409994354643709064e-02
3.547583329167927624e-02
3.685172303692144796e-02
3.822761278216361969e-02
3.951810082775202015e-02
4.051996223396769903e-02
4.152182364018338484e-02
4.252368504639907065e-02
4.352554645261474953e-02
4.452740785883043534e-02
4.552926926504612115e-02
4.653113067126180696e-02
4.722251539839558004e-02
4.634660221650021422e-02
4.547068903460486228e-02
4.459477585270949646e-02
4.371886267081413063e-02
4.284294948891877175e-02
4.196703630702341287e-02
4.109112312512804704e-02
4.015114260246691047e-02
3.864930463290441875e-02
3.714746666334192704e-02
3.564562869377944226e-02
3.414379072421695055e-02
3.264195275465445883e-02
3.114011478509196018e-02
2.963827681552947194e-02
2.816603996733023710e-02
2.741607782130687718e-02
2.666611567528351379e-02
2.591615352926015386e-02
2.516619138323679394e-02
2.441622923721343402e-02
2.366626709119006716e-02
2.291630494516670724e-02
2.216634279914334385e-02
2.214861016070297436e-02
2.214861016070297436e-02
2.214861016070297436e-02
2.214861016070297436e-02
2.214861016070297436e-02
2.214861016070297436e-02
2.214861016070297436e-02
2.214861016070297436e-02
2.294864152994258860e-02
2.382455437619170405e-02
2.470046722244082990e-02
2.557638006868994535e-02
2.645229291493906426e-02
2.732820576118818665e-02
2.820411860743730556e-02
2.908003145368642794e-02
2.974335950202507475e-02
3.036928405207646106e-02
3.099520860212785431e-02
3.162113315217923715e-02
3.224705770223062345e-02
3.287298225228200976e-02
3.349890680233339607e-02
3.412483135238478932e-02
3.465158560150542050e-02
3.515156240246797986e-02
3.565153920343053923e-02
3.615151600439309859e-02
3.665149280535565796e-02
3.715146960631821732e-02
3.765144640728077668e-02
3.815142320824333605e-02
3.865139841585676223e-02
3.915137301729370439e-02
3.965134761873064656e-02
4.015132222016758873e-02
4.065129682160452396e-02
4.115127142304146612e-02
4.165124602447840829e-02
4.215122062591535046e-02
4.273449775450746668e-02
4.336042277979033216e-02
4.398634780507320458e-02
4.461227283035608393e-02
4.523819785563894941e-02
4.586412288092182182e-02
4.649004790620470118e-02
4.711597293148756666e-02
4.766652965019793631e-02
4.816650597592900956e-02
4.866648230166008282e-02
4.916645862739115608e-02
4.966643495312222933e-02
5.016641127885330259e-02
5.066638760458437585e-02
5.116636393031545604e-02
5.086325072353877624e-02
4.986329759684514362e-02
4.886334447015152488e-02
4.786339134345789920e-02
4.686343821676426658e-02
4.586348509007064089e-02
4.486353196337701521e-02
4.386357883668338259e-02
4.268602148217712222e-02
4.131013197455069008e-02
3.993424246692425794e-02
3.855835295929782580e-02
3.718246345167139366e-02
3.580657394404496152e-02
3.443068443641853632e-02
3.305479492879210418e-02
3.208833182047816229e-02
3.171239686760673332e-02
3.133646191473530435e-02
3.096052696186387537e-02
3.058459200899244640e-02
3.020865705612101396e-02
2.983272210324958845e-02
2.945678715037815948e-02
2.960112961059668119e-02
3.072703096161061645e-02
3.185293231262455171e-02
3.297883366363848351e-02
3.410473501465242224e-02
3.523063636566635404e-02
3.635653771668028583e-02
3.748243906769421763e-02
3.846662721763712683e-02
3.909255416621516821e-02
3.971848111479321652e-02
4.034440806337125096e-02
4.097033501194929234e-02
4.159626196052733371e-02
4.222218890910537509e-02
4.284811585768341646e-02
4.314291000729358200e-02
4.226700018184909730e-02
4.139109035640461259e-02
4.051518053096012789e-02
3.963927070551563625e-02
3.876336088007115155e-02
3.788745105462667379e-02
3.701154122918218908e-02
3.621436128439825541e-02
3.583842619997662515e-02
3.546249111555500183e-02
3.508655603113337851e-02
3.471062094671175519e-02
3.433468586229012492e-02
3.395875077786849466e-02
3.358281569344687134e-02
3.318326805004376961e-02
3.255734110370266804e-02
3.193141415736155952e-02
3.130548721102045795e-02
3.067956026467934597e-02
3.005363331833824439e-02
2.942770637199714281e-02
2.880177942565603430e-02
2.817591271542679854e-02
2.755189835935962020e-02
2.692788400329243839e-02
2.630386964722525658e-02
2.567985529115808171e-02
2.505584093509090338e-02
2.443182657902372157e-02
2.380781222295653976e-02
2.318379786688936142e-02
2.292201959999383420e-02
2.267203056872221442e-02
2.242204153745059464e-02
2.217205250617898180e-02
2.192206347490736548e-02
2.167207444363574570e-02
2.142208541236412592e-02
2.117209638109250960e-02
2.182758446275247580e-02
2.257754660877583225e-02
2.332750875479917829e-02
2.407747090082253127e-02
2.482743304684588426e-02
2.557739519286923724e-02
2.632735733889258328e-02
2.707731948491593973e-02
2.751216132311949322e-02
2.788809650109970797e-02
2.826403167907992273e-02
2.863996685706014442e-02
2.901590203504035917e-02
2.939183721302057392e-02
2.976777239100079561e-02
3.014370756898101383e-02
2.944566189151649749e-02
2.844379664619388348e-02
2.744193140087127641e-02
2.644006615554865894e-02
2.543820091022605187e-02
2.443633566490343439e-02
2.343447041958082039e-02
2.243260517425821332e-02
2.214861016070297436e-02
2.214861016070297436e-02
2.214861016070297436e-02
2.214861016070297436e-02
2.214861016070297436e-02
2.214861016070297436e-02
2.214861016070297436e-02
2.214861016070297436e-02
2.190417579107825294e-02
2.153014625640151114e-02
2.115611672172476587e-02
2.078208718704802754e-02
2.040805765237127881e-02
2.003402811769453354e-02
1.965999858301779521e-02
1.928596904834104994e-02
1.846791624557489811e-02
1.734201920520085996e-02
1.621612216482683222e-02
1.509022512445280101e-02
1.396432808407876806e-02
1.283843104370473512e-02
1.171253400333070391e-02
1.058663696295667096e-02
9.856377029124802763e-03
9.480441764616074490e-03
9.104506500107344483e-03
8.728571235598616210e-03
8.352635971089887937e-03
7.976700706581159664e-03
7.600765442072431391e-03
7.224830177563702251e-03
7.953430823682458226e-03
9.955251969007440291e-03
1.195707311433242236e-02
1.395889425965740269e-02
1.596071540498238822e-02
1.796253655030736682e-02
1.996435769563234888e-02
2.196617884095732748e-02
3.747661319910677163e-02
7.311794642946119194e-02
1.087592796598156053e-01
1.444006128901700603e-01
1.800419461205244598e-01
2.156832793508788870e-01
2.513246125812333420e-01
2.869659458115877970e-01
3.206181124867377163e-01
3.503839925382651876e-01
3.801498725897926589e-01
4.099157526413201302e-01
4.396816326928476570e-01
4.694475127443751283e-01
4.992133927959025996e-01
5.289792728474300709e-01
5.518166086534966874e-01
5.564423260179962583e-01
5.610680433824958291e-01
5.656937607469952889e-01
5.703194781114948597e-01
5.749451954759944305e-01
5.795709128404938904e-01
5.841966302049934612e-01
5.843830943444503490e-01
5.681262890523783859e-01
5.518694837603063119e-01
5.356126784682343489e-01
5.193558731761623859e-01
5.030990678840904229e-01
4.868422625920184044e-01
4.705854572999464414e-01
4.524580127757038550e-01
4.236939861630945603e-01
3.949299595504853211e-01
3.661659329378759709e-01
3.374019063252667316e-01
3.086378797126574369e-01
2.798738531000481422e-01
2.511098264874388475e-01
2.240787381627236674e-01
2.153234592540518022e-01
2.065681803453799648e-01
1.978129014367080996e-01
1.890576225280362344e-01
1.803023436193643969e-01
1.715470647106925317e-01
1.627917858020206943e-01
1.540896739752393163e-01
1.475880456333181767e-01
1.410864172913970371e-01
1.345847889494759253e-01
1.280831606075547857e-01
1.215815322656336600e-01
1.150799039237125204e-01
1.085782755817913947e-01
1.020766472398702690e-01
9.665481115546029067e-02
9.127722193096621250e-02
8.589963270647216209e-02
8.052204348197808392e-02
7.514445425748403351e-02
6.976686503298995534e-02
6.438927580849590493e-02
5.901168658400184064e-02
5.643986765369180675e-02
5.418807273007802960e-02
5.193627780646424552e-02
4.968448288285046838e-02
4.743268795923669123e-02
4.518089303562291409e-02
4.292909811200913001e-02
4.067730318839535286e-02
3.957382205956621463e-02
3.869790585684307338e-02
3.782198965411993213e-02
3.694607345139679089e-02
3.607015724867364270e-02
3.519424104595050146e-02
3.431832484322736715e-02
3.344240864050422590e-02
3.256649727348335382e-02
3.169058733750380191e-02
3.081467740152426388e-02
2.993876746554471890e-02
2.906285752956517740e-02
2.818694759358562896e-02
2.731103765760609092e-02
2.643512772162654248e-02
2.573771568640036145e-02
2.511369702616253474e-02
2.448967836592470110e-02
2.386565970568686745e-02
2.324164104544904075e-02
2.261762238521120710e-02
2.199360372497337346e-02
2.136958506473554675e-02
2.082565802009951617e-02
2.032568318104764973e-02
1.982570834199578330e-02
1.932573350294392034e-02
1.882575866389205391e-02
1.832578382484018747e-02
1.782580898578831757e-02
1.732583414673645808e-02
1.667909062344939339e-02
1.592722050510378753e-02
1.517535038675818342e-02
1.442348026841258103e-02
1.367161015006697865e-02
1.291974003172137626e-02
1.216786991337577388e-02
1.141599979503017150e-02
1.073056631865392310e-02
1.010654747432078622e-02
9.482528629987645868e-03
8.858509785654508986e-03
8.234490941321370369e-03
7.610472096988233487e-03
6.986453252655094870e-03
6.362434408321957120e-03
6.023395201290068779e-03
6.023395201290068779e-03
6.023395201290068779e-03
6.023395201290068779e-03
6.023395201290068779e-03
6.023395201290068779e-03
6.023395201290068779e-03
6.023395201290068779e-03
6.220220055621826852e-03
6.720198284496647738e-03
7.220176513371468624e-03
7.720154742246289510e-03
8.220132971121110396e-03
8.720111199995930415e-03
9.220089428870752168e-03
9.720067657745572187e-03
1.009571992623302036e-02
1.021975944700014884e-02
1.034379896776727731e-02
1.046783848853440405e-02
1.059187800930153425e-02
1.071591753006866272e-02
1.083995705083579120e-02
1.096399657160291793e-02
1.132302251476113852e-02
1.232488046580573933e-02
1.332673841685033840e-02
1.432859636789493921e-02
1.533045431893953828e-02
1.633231226998414082e-02
1.733417022102873642e-02
1.833602817207333896e-02
1.928632933553162468e-02
2.003629664195075849e-02
2.078626394836989577e-02
2.153623125478902958e-02
2.228619856120815992e-02
2.303616586762729374e-02
2.378613317404642408e-02
2.453610048046556483e-02
2.535692368428908022e-02
2.660686043174938578e-02
2.785679717920969134e-02
2.910673392666999690e-02
3.035667067413030246e-02
3.160660742159061148e-02
3.285654416905091357e-02
3.410648091651121566e-02
3.523836443041795247e-02
3.498837541165246423e-02
3.473838639288698293e-02
3.448839737412150164e-02
3.423840835535602034e-02
3.398841933659053210e-02
3.373843031782505081e-02
3.348844129905957645e-02
3.322465912592684895e-02
3.209876188297583477e-02
3.097286464002480671e-02
2.984696739707377866e-02
2.872107015412275408e-02
2.759517291117173643e-02
2.646927566822070838e-02
2.534337842526968379e-02
2.421748118231866267e-02
2.213889965334788629e-02
2.001305338807913420e-02
1.788720712281038558e-02
1.576136085754163002e-02
1.363551459227287620e-02
1.150966832700412411e-02
9.383822061735372019e-03
7.257975796466619063e-03
6.801108474170344635e-03
6.551119387871737546e-03
6.301130301573130456e-03
6.051141215274524233e-03
5.801152128975917144e-03
5.551163042677310054e-03
5.301173956378702964e-03
5.051184870080095875e-03
6.249525830222348033e-03
7.751358383954517345e-03
9.253190937686684922e-03
1.075502349141885423e-02
1.225685604515102355e-02
1.375868859888319112e-02
1.526052115261536390e-02
1.676235370634753322e-02
1.749902791680237740e-02
1.799900620445602992e-02
1.849898449210968937e-02
1.899896277976333842e-02
1.949894106741699787e-02
1.999891935507065038e-02
2.049889764272429943e-02
2.099887593037795888e-02
2.106021563130928281e-02
2.093426784135310123e-02
2.080832005139692312e-02
2.068237226144074153e-02
2.055642447148456342e-02
2.043047668152838184e-02
2.030452889157220372e-02
2.017858110161602214e-02
2.109078110457192345e-02
2.259261366955953032e-02
2.409444623454714760e-02
2.559627879953476140e-02
2.709811136452237174e-02
2.859994392950998554e-02
3.010177649449760282e-02
3.160360905948520621e-02
3.324803311062157762e-02
3.499795676723758964e-02
3.674788042385360165e-02
3.849780408046962060e-02
4.024772773708563262e-02
4.199765139370164463e-02
4.374757505031766358e-02
4.549749870693367559e-02
4.596799150899263248e-02
4.521802960058420723e-02
4.446806769217578198e-02
4.371810578376734979e-02
4.296814387535892454e-02
4.221818196695049236e-02
4.146822005854206711e-02
4.071825815013363492e-02
4.008048412515977099e-02
3.958050559988954276e-02
3.908052707461932146e-02
3.858054854934909322e-02
3.808057002407887193e-02
3.758059149880864369e-02
3.708061297353842933e-02
3.658063444826820110e-02
3.627355892360714651e-02
3.627355892360714651e-02
3.627355892360714651e-02
3.627355892360714651e-02
3.627355892360714651e-02
3.627355892360714651e-02
3.627355892360714651e-02
3.627355892360714651e-02
3.647499400239395673e-02
3.709900859607605933e-02
3.772302318975816193e-02
3.834703778344026454e-02
3.897105237712236714e-02
3.959506697080446974e-02
4.021908156448657234e-02
4.084309615816867495e-02
4.156527272646065585e-02
4.256713758787124269e-02
4.356900244928182953e-02
4.457086731069241636e-02
4.557273217210301014e-02
4.657459703351359004e-02
4.757646189492417688e-02
4.857832675633476371e-02
4.967822558939256894e-02
5.117814986893323703e-02
5.267807414847391900e-02
5.417799842801459403e-02
5.567792270755526907e-02
5.717784698709594410e-02
5.867777126663661219e-02
6.017769554617729416e-02
6.176138120507197043e-02
6.388724301437402608e-02
6.601310482367608867e-02
6.813896663297815126e-02
7.026482844228021385e-02
7.239069025158227644e-02
7.451655206088433903e-02
7.664241387018641549e-02
7.842265311143888085e-02
7.567088311115831301e-02
7.291911311087774517e-02
7.016734311059716345e-02
6.741557311031659561e-02
6.466380311003602777e-02
6.191203310975545993e-02
5.916026310947489902e-02
5.642223487793736336e-02
5.542228566255742034e-02
5.442233644717747038e-02
5.342238723179752041e-02
5.242243801641757045e-02
5.142248880103762743e-02
5.042253958565767052e-02
4.942259037027772750e-02
4.842264115489777754e-02
4.765888207825203643e-02
4.690891452171021270e-02
4.615894696516839590e-02
4.540897940862657217e-02
4.465901185208475538e-02
4.390904429554293165e-02
4.315907673900110791e-02
4.240910918245929806e-02
4.165914645221360096e-02
4.090918436846278927e-02
4.015922228471198452e-02
3.940926020096117977e-02
3.865929811721037501e-02
3.790933603345957026e-02
3.715937394970875857e-02
3.640941186595796075e-02
3.678453923145072468e-02
3.740855836842753995e-02
3.803257750540435522e-02
3.865659664238116355e-02
3.928061577935798576e-02
3.990463491633479409e-02
4.052865405331160936e-02
4.115267319028843157e-02
4.196709596577264528e-02
4.284300579121713692e-02
4.371891561666162856e-02
4.459482544210612021e-02
4.547073526755061185e-02
4.634664509299510349e-02
4.722255491843959513e-02
4.809846474388408677e-02
4.836747382873907153e-02
4.836747382873907153e-02
4.836747382873907153e-02
4.836747382873907153e-02
4.836747382873907153e-02
4.836747382873907153e-02
4.836747382873907153e-02
4.836747382873907153e-02
4.758017561012960889e-02
4.633023000355068755e-02
4.508028439697176620e-02
4.383033879039283098e-02
4.258039318381390964e-02
4.133044757723498830e-02
4.008050197065606696e-02
3.883055636407714561e-02
3.772233524740639665e-02
3.672238556930267073e-02
3.572243589119893092e-02
3.472248621309520500e-02
3.372253653499147213e-02
3.272258685688773927e-02
3.172263717878400641e-02
3.072268750068027701e-02
3.041507467103686524e-02
3.078910149502367410e-02
3.116312831901047256e-02
3.153715514299727796e-02
3.191118196698408682e-02
3.228520879097088875e-02
3.265923561495769761e-02
3.303326243894449260e-02
3.346282015999985093e-02
3.396280212141485760e-02
3.446278408282987121e-02
3.496276604424487788e-02
3.546274800565989149e-02
3.596272996707489816e-02
3.646271192848991177e-02
3.696269388990491844e-02
3.727369506712229635e-02
3.727369506712229635e-02
3.727369506712229635e-02
3.727369506712229635e-02
3.727369506712229635e-02
3.727369506712229635e-02
3.727369506712229635e-02
3.727369506712229635e-02
3.691908143008575116e-02
3.579318373691694338e-02
3.466728604374814254e-02
3.354138835057934170e-02
3.241549065741053393e-02
3.128959296424173309e-02
3.016369527107292878e-02
2.903779757790412447e-02
2.806959899532186081e-02
2.756962457296638011e-02
2.706965015061090288e-02
2.656967572825541871e-02
2.606970130589993800e-02
2.556972688354446077e-02
2.506975246118898354e-02
2.456977803883350284e-02
2.409359871490956290e-02
2.371957166581388152e-02
2.334554461671821055e-02
2.297151756762252917e-02
2.259749051852684779e-02
2.222346346943117334e-02
2.184943642033549197e-02
2.147540937123981059e-02
2.113261887125782515e-02
2.100666929556326001e-02
2.088071971986870182e-02
2.075477014417413668e-02
2.062882056847957501e-02
2.050287099278500988e-02
2.037692141709045168e-02
2.025097184139588308e-02
2.003050553041053200e-02
1.840463328958083164e-02
1.677876104875112781e-02
1.515288880792143092e-02
1.352701656709173056e-02
1.190114432626203020e-02
1.027527208543233157e-02
8.649399844602632947e-03
