2.764879023085622e-03
1.692234640279592e-03
9.747101316013651e-04
8.662414083413322e-04
1.620764381789883e-03
3.292043387617537e-03
4.750284294925727e-03
4.676618581536152e-03
3.520489676204569e-03
2.417578629724928e-03
1.680835209159752e-03
1.188157061115292e-03
8.115163149042458e-04
4.468132190824501e-04
3.484577733712697e-04
9.923695173156479e-04
2.022991003792358e-03
2.391671157412142e-03
2.150118440760094e-03
2.494359345480521e-03
3.642827717259340e-03
4.550384408222467e-03
4.676545551604190e-03
4.334086996294733e-03
3.837331066678595e-03
3.385409986300091e-03
3.202200717151179e-03
3.586423083091312e-03
4.646204415759604e-03
5.991879476279693e-03
7.116813894643160e-03
7.391940958508818e-03
6.463031803705869e-03
5.056934853134650e-03
3.959197760868362e-03
3.132965184855497e-03
2.413996627186096e-03
2.168702444507742e-03
2.813790903207777e-03
3.938466984807368e-03
4.807099396411894e-03
4.744678056500872e-03
3.268472394272605e-03
1.519434900718042e-03
1.395753676432183e-03
2.594806998433955e-03
3.394192703103755e-03
3.520460241673884e-03
3.850097055335502e-03
4.283550345759438e-03
3.793042168006669e-03
2.497999244048021e-03
1.840039535649156e-03
2.336967243877078e-03
3.173036931984112e-03
3.809814608974940e-03
4.302257537876909e-03
4.849760482893992e-03
5.823165449908894e-03
7.088872484154682e-03
7.324298506588497e-03
5.836192240421993e-03
4.098603055593596e-03
3.398479417493011e-03
3.196331217032058e-03
2.810379901110808e-03
2.494023494542450e-03
2.567143576341238e-03
2.537103787749640e-03
1.849278071825589e-03
1.038775238233846e-03
9.043036475842309e-04
1.264331122215309e-03
1.554777663155428e-03
1.649400677064941e-03
1.671107163209851e-03
1.942645972602996e-03
2.817725600624829e-03
3.328871643843284e-03
1.670076921222474e-03
-1.286741666639876e-03
-2.395348635828091e-03
-1.072745523828798e-03
5.410963567626957e-04
1.409161363427959e-03
2.007498643217108e-03
2.482355197091883e-03
2.364456152643972e-03
1.544791936225114e-03
6.260920901549698e-04
1.396565157710777e-04
3.197650506586350e-04
1.186346115989734e-03
2.317647071783194e-03
3.231326247934816e-03
3.465985507159708e-03
2.757279781308254e-03
1.542241814745858e-03
4.009131494760608e-04
-1.578301308582870e-04
2.706685417476068e-04
1.637842239074541e-03
3.617465748732885e-03
5.055916166412951e-03
4.717971579408768e-03
3.382398710365667e-03
2.653281388056434e-03
2.692384366219333e-03
2.869817848139093e-03
3.059526591247630e-03
3.467085043044090e-03
3.991634016258096e-03
4.286110728909647e-03
4.156233048630204e-03
3.572638174171991e-03
2.846246154108628e-03
2.654283090630699e-03
3.157594192203931e-03
3.795771650490126e-03
3.974188234187587e-03
3.130277687083325e-03
1.345183184153983e-03
-8.391542203577399e-05
-2.544109432262381e-04
5.303697612365860e-04
1.807981735207842e-03
3.136369713194426e-03
4.189758911686277e-03
5.014599383651194e-03
5.643222216990025e-03
5.744905356772538e-03
5.022689767522934e-03
3.784359367613332e-03
2.477501468450957e-03
1.292456962044174e-03
3.571088595908122e-04
2.911857023247321e-05
6.767265054631397e-04
1.858297174907207e-03
2.783078827531279e-03
3.522504997053036e-03
4.631075701029523e-03
5.821061526228547e-03
6.211980758913110e-03
5.651402800488463e-03
4.640885352722251e-03
3.681031964576595e-03
3.232304517099770e-03
3.205974850778591e-03
2.848185332416556e-03
1.957050943555447e-03
1.195630569269118e-03
9.420447572764205e-04
9.587551374983180e-04
9.983400805933080e-04
9.217039928401381e-04
8.681458050876665e-04
1.636260487502428e-03
3.652817781731768e-03
5.926622696229158e-03
7.448328113970932e-03
8.104068673385197e-03
8.003851967400527e-03
7.348767692223528e-03
6.416427248553778e-03
5.759946935139612e-03
5.928744310657332e-03
6.847745162062216e-03
8.164199535573074e-03
9.309610586957820e-03
9.671507468278846e-03
9.231748429978356e-03
8.323072313871300e-03
7.394675726255854e-03
6.934744970361579e-03
6.821897906252626e-03
6.460267535199671e-03
5.675895972463018e-03
4.713282424934695e-03
3.842171415691667e-03
3.340429025251532e-03
3.426703984701644e-03
4.232561025492980e-03
5.442036703355500e-03
6.039512574316892e-03
5.532683725745871e-03
4.542440454607949e-03
3.665282664139350e-03
3.158895683151813e-03
2.962186677221490e-03
2.271349477158643e-03
6.280941246460327e-04
-8.716660149068640e-04
-1.168087644321928e-03
-6.256503843344837e-04
1.213054007684707e-04
8.570780500401707e-04
1.467212697707322e-03
1.685578942175476e-03
1.236939908662331e-03
1.822288996262304e-04
-1.189596743648598e-03
-1.873381604326620e-03
-6.376222350743568e-04
2.071562577829657e-03
4.786036032176632e-03
6.472406053173062e-03
6.490187945346297e-03
5.268393687842358e-03
4.137830887832913e-03
3.623895414415569e-03
3.385308095387145e-03
3.274133575280770e-03
3.425733907781983e-03
3.687256126693012e-03
3.462778856329563e-03
2.536362027015662e-03
1.415217328551645e-03
6.845077445526112e-04
9.394139605771601e-04
2.253572373694056e-03
3.399218008455630e-03
3.415480767130964e-03
2.739400521965229e-03
1.973982158451092e-03
1.377081972997488e-03
1.103038845967908e-03
1.195160542326278e-03
1.647925568229688e-03
2.358048010744561e-03
3.161198956018501e-03
3.707049080912177e-03
3.626869140700961e-03
3.004207922307711e-03
2.127608009914320e-03
1.157960586680472e-03
1.962505806662625e-04
-4.780238095950890e-04
-4.983271951317793e-04
-7.031154498320079e-05
1.723811489735900e-04
3.804030151167776e-04
1.434665337287993e-03
3.237886701738266e-03
4.564805710919212e-03
4.834332100367585e-03
4.413173882496018e-03
3.667408538145258e-03
2.856068818997369e-03
2.269403862411672e-03
2.274383392183121e-03
3.056835939080311e-03
4.371103870043642e-03
5.747368995254557e-03
6.266480053194667e-03
5.403203163771824e-03
4.182494876793504e-03
3.691207731822829e-03
3.987026426168419e-03
4.774377055081924e-03
5.291579139092840e-03
4.837807613437077e-03
3.907461687718973e-03
3.338105931348396e-03
3.283509682989614e-03
3.582617380507635e-03
3.951765713164221e-03
4.077631070540111e-03
4.028678366756829e-03
4.084721810813922e-03
4.126284559205877e-03
3.763290118656473e-03
3.139843114061008e-03
2.855330808865117e-03
2.984440905336295e-03
3.043903199745473e-03
2.743551866362967e-03
2.068277663324544e-03
1.226830304753844e-03
7.263787074143801e-04
7.038143076974181e-04
6.116130836067630e-04
1.105815657126284e-04
-5.633218591070500e-04
-1.139398979754822e-03
-1.438669495930774e-03
-1.295667775745651e-03
-5.433812943396551e-04
9.232496546734600e-04
2.983262135159523e-03
5.340693657065800e-03
7.154426999085728e-03
7.628207401041651e-03
7.010025929685660e-03
5.887264202302505e-03
4.790479421714480e-03
4.140921870704223e-03
3.665718387103971e-03
2.840745419974206e-03
1.968410319679213e-03
1.751532653991221e-03
1.944529820604691e-03
1.704301376961443e-03
1.053416287118977e-03
7.083699412302685e-04
1.034080913454213e-03
2.027817636949726e-03
3.352698857849447e-03
4.318853436679679e-03
4.630282373949471e-03
4.544919337656827e-03
4.246400668957108e-03
3.738553238374316e-03
3.123248121913109e-03
2.718418210321256e-03
2.658459833334429e-03
2.605956986767765e-03
2.351400632840111e-03
2.212592077617013e-03
2.479716735511253e-03
3.057662335876041e-03
3.737441692605935e-03
4.171922052202314e-03
4.105930325958186e-03
3.898596450457124e-03
3.955023089234441e-03
3.851125590763944e-03
3.012197998009795e-03
1.971030465068224e-03
1.644145577154944e-03
2.020880301590031e-03
2.610432153786162e-03
3.018843843658247e-03
2.946171528237692e-03
2.528205788403499e-03
2.206358071413386e-03
2.099054791151621e-03
2.036193509620507e-03
1.909806212281527e-03
1.693503721064575e-03
1.585938662245354e-03
2.049090256145235e-03
3.036581110286522e-03
3.737821453766403e-03
3.666996575657955e-03
3.010034078874952e-03
2.070660773449710e-03
1.257023962977693e-03
8.065172120023510e-04
4.991191597143956e-04
2.013264440776929e-04
2.490663498708565e-04
8.945754135821561e-04
1.767910087452789e-03
2.445110967833944e-03
2.886349220591051e-03
3.203074615292505e-03
3.750420902946646e-03
4.830487146326376e-03
5.867752658834264e-03
6.043469711892234e-03
5.416701397627696e-03
4.466996500280094e-03
3.649261438800366e-03
3.363616922531799e-03
3.518507278118841e-03
3.702594058958902e-03
3.756807079864423e-03
3.737290453202311e-03
3.826405829417385e-03
4.309619640321566e-03
5.122696599176402e-03
5.801346583126245e-03
5.942598648354366e-03
5.260918620391427e-03
3.857816389686663e-03
2.438182073978912e-03
1.589572933025983e-03
1.573022156500081e-03
2.406206500001731e-03
3.636796426806951e-03
4.829583399923937e-03
5.773446406552680e-03
6.400033025065115e-03
6.986949424903762e-03
7.684251699864717e-03
7.846839830685876e-03
6.834962993425603e-03
5.000178458381957e-03
2.958644776683289e-03
1.114480722425513e-03
-2.208935763755464e-04
-8.449675727745931e-04
-6.528527265395705e-04
1.538909095535750e-05
6.239809707966597e-04
1.064483335883746e-03
1.484097287887489e-03
1.841295883357987e-03
1.961731302329118e-03
1.865345843521443e-03
1.743677790471786e-03
1.728638263440239e-03
1.882212459486086e-03
2.210444594349902e-03
2.652022082938447e-03
3.025545259106674e-03
2.983826621418369e-03
2.509437651623806e-03
2.180249035990187e-03
2.333093296859174e-03
2.680332274818218e-03
2.919208144954642e-03
2.902829242571189e-03
2.529695713529904e-03
1.762951250498443e-03
6.770252241027447e-04
-2.933874129265855e-04
-7.134400284400533e-04
-5.078236631222740e-04
2.379892718743189e-04
1.107645836290366e-03
1.667389293170429e-03
2.090637190022777e-03
2.746983159713169e-03
3.622755927138974e-03
4.520792623820997e-03
5.256956855049295e-03
5.655143545560982e-03
5.537635307553816e-03
4.749160123964604e-03
3.516305524896340e-03
2.370810661239254e-03
1.764771614062305e-03
2.051207674772499e-03
3.165285164237984e-03
4.572547009803005e-03
5.739114523793695e-03
6.172237092211133e-03
5.784712426643321e-03
5.129934705180928e-03
4.550828822417036e-03
3.881786113381974e-03
3.013719679129794e-03
2.095301408787033e-03
1.324690678067951e-03
9.379325253780673e-04
1.032000298705030e-03
1.223977655873658e-03
1.170773435393550e-03
1.083795064237532e-03
1.244650142783061e-03
1.602691033311055e-03
2.017810103069755e-03
2.416436103597258e-03
2.769397095825994e-03
3.192512601198488e-03
3.832548928851474e-03
4.542827663539437e-03
5.036715243384007e-03
5.190034797333727e-03
4.986259355811023e-03
4.480835528789045e-03
3.795444474854074e-03
3.309540046103077e-03
3.603221254078959e-03
4.632418441560068e-03
5.705922760755218e-03
6.514369518774613e-03
7.256707111993515e-03
8.101194259631388e-03
9.123933019485891e-03
1.029914836193082e-02
1.143731471562722e-02
1.247651445665486e-02
1.365388575180454e-02
1.518967932365396e-02
1.716932754644726e-02
1.950322416817845e-02
2.163857216481840e-02
2.323278106431951e-02
2.502062218095005e-02
2.790013854585762e-02
3.241154312538535e-02
3.887604647217677e-02
4.696964358368568e-02
5.624366998156855e-02
6.684049064243106e-02
7.935877363460044e-02
9.615598752987474e-02
1.204741309347744e-01
1.559376923682839e-01
2.064111639661435e-01
2.760548263348514e-01
3.685452011047277e-01
4.765007158301203e-01
5.835928039193773e-01
6.734899929513087e-01
7.304270924511104e-01
7.480562981854592e-01
7.307692542852471e-01
6.862958069069904e-01
6.260559800272039e-01
5.603543230724355e-01
4.972806384846003e-01
4.425946748848231e-01
3.979992566819111e-01
3.638312473750785e-01
3.383536823492628e-01
3.193715170683408e-01
3.042210210010480e-01
2.905368823364112e-01
2.771997263222821e-01
2.637103493422303e-01
2.510240539706360e-01
2.402885089316519e-01
2.318197205610099e-01
2.260276109609304e-01
2.253677119468299e-01
2.331459908633111e-01
2.534032260072076e-01
2.901874357302556e-01
3.447252240584993e-01
4.173438640354881e-01
5.149174886130415e-01
6.465846591879216e-01
7.952638785947976e-01
9.244673201006081e-01
1.000000000000000e+00
9.913964273378311e-01
9.005319959177284e-01
7.628126872548276e-01
6.113101036112485e-01
4.740231390744412e-01
3.659988808667525e-01
2.837568720477775e-01
2.216394420082020e-01
1.727736132986207e-01
1.320489973370962e-01
9.827047540478349e-02
7.095583301056574e-02
5.018448970742403e-02
3.573842560227040e-02
2.624959389204339e-02
2.022288274798812e-02
1.648148225692555e-02
1.404024233969779e-02
1.244029116639857e-02
1.136578254940221e-02
1.049077915363754e-02
9.548580411107215e-03
8.681688707904709e-03
8.154000551992729e-03
7.884345342922507e-03
7.630820967216765e-03
7.207171383919917e-03
6.474125585478992e-03
5.473880016351496e-03
4.378677054667371e-03
3.465719163904970e-03
3.080206612369636e-03
3.247960164213118e-03
3.687409485908702e-03
4.137169173974279e-03
4.378021423605218e-03
4.410024039536377e-03
4.522012167662482e-03
4.815059389520262e-03
5.058666976773910e-03
5.068038689723007e-03
4.801628770584522e-03
4.233836828433210e-03
3.339224173105254e-03
2.312068033643183e-03
1.946542126143373e-03
2.760880581854460e-03
4.028440562880546e-03
4.912533909466632e-03
5.161513751494334e-03
4.744120142559970e-03
3.989114132744074e-03
3.294625747545089e-03
2.823693600867060e-03
2.640186128975645e-03
2.713237310809222e-03
2.976979085122549e-03
3.424686750569228e-03
4.062964801485898e-03
4.698569276025733e-03
5.029428064831445e-03
4.987941754791466e-03
4.689048611100506e-03
4.374738230408771e-03
4.382952785626770e-03
4.749025719883904e-03
5.188920245035649e-03
5.406497362923050e-03
5.115143357081166e-03
4.338127108264494e-03
3.550884561198524e-03
3.174824316276707e-03
3.472931615746949e-03
4.421145116899501e-03
5.432406132707086e-03
5.996643202566245e-03
5.970021701402906e-03
5.417783085468982e-03
4.864276579321439e-03
4.728984666516965e-03
4.739321889685947e-03
4.596418778687718e-03
4.577613851391800e-03
4.986526343091430e-03
5.417719278539237e-03
5.313063934526897e-03
4.661338732788156e-03
3.691872009750727e-03
2.801591408585772e-03
2.427597380371113e-03
2.605669822173444e-03
3.133458474927167e-03
3.715350136569311e-03
4.005728412683594e-03
3.849083286560628e-03
3.250445657045607e-03
2.339015842898156e-03
1.361562678071267e-03
6.511119692340811e-04
6.230950075107191e-04
1.268654508912127e-03
2.004765217585665e-03
2.387515511913187e-03
2.261127427242975e-03
1.664684975029424e-03
9.584568517364706e-04
4.767624823291973e-04
4.132996930665391e-04
9.331288767541407e-04
2.176093616138426e-03
4.051663947892507e-03
5.723407287269941e-03
6.427594571261217e-03
6.305667714701944e-03
5.676943925922346e-03
4.625612467296703e-03
3.221129843045178e-03
1.867199884600754e-03
1.067257176419245e-03
1.160808716199312e-03
2.342083752348029e-03
4.151843789128473e-03
5.792591929373262e-03
6.525957519756396e-03
5.722422665637680e-03
3.746679590894348e-03
1.678360374475371e-03
1.644947911562958e-04
-5.558285484263227e-04
-5.349685399992115e-04
-1.136930746564185e-04
4.019808450027382e-04
7.687784176865392e-04
9.061067128199202e-04
9.663228433200594e-04
1.141507566970499e-03
1.659430169435513e-03
2.556625928667911e-03
3.465139595042307e-03
4.048121422256439e-03
4.171560429403328e-03
3.810502743403227e-03
3.174068122851562e-03
2.548782102187256e-03
2.343542252402423e-03
2.830157129978369e-03
3.554024207078821e-03
3.937906755952544e-03
3.818988122116861e-03
3.230459408463181e-03
2.583763538296536e-03
2.389483656174579e-03
2.734524771013382e-03
3.485137728354935e-03
4.342639928920027e-03
4.935347932811905e-03
5.154999877956969e-03
5.065601016803354e-03
4.597912943270425e-03
3.595046796678195e-03
2.390033961617816e-03
1.768023779351399e-03
1.929717193863728e-03
2.395390449020843e-03
2.829426888275540e-03
3.141305190420917e-03
3.369603038799886e-03
3.729558983680526e-03
4.230796475237049e-03
4.463086533977929e-03
4.217719029975074e-03
3.850592356911695e-03
3.688045649336607e-03
3.762706533495917e-03
4.063436322903981e-03
4.598565493756453e-03
5.308195965527224e-03
5.843497312427364e-03
5.886921478534190e-03
5.623604038053088e-03
5.334875711242915e-03
4.969904510013588e-03
4.394825656226639e-03
3.755139768264644e-03
3.304637130894657e-03
3.165822182507515e-03
3.368626236728029e-03
3.683073724465613e-03
3.750519880446996e-03
3.691448646161764e-03
3.957461742769163e-03
4.504408240660428e-03
4.853088991392041e-03
4.742499657022278e-03
4.161630358544675e-03
3.339426144397364e-03
2.780816587109356e-03
2.689086202496937e-03
2.799877314845426e-03
2.760995329322171e-03
2.134649247908233e-03
8.875534426672104e-04
-1.560991510147494e-04
-3.356101486785607e-04
3.368931810508585e-04
1.649673435611705e-03
3.100957058100086e-03
4.222452371535230e-03
4.864087097466061e-03
5.020949912500502e-03
5.009599939346120e-03
5.136575533929461e-03
5.180701804201347e-03
4.806341743629131e-03
4.079362781428834e-03
3.228979059455042e-03
2.500995081941080e-03
2.128109517491441e-03
2.134605279339885e-03
2.413672977967776e-03
2.715073183945369e-03
2.717733858306530e-03
2.522135585773854e-03
2.554033163703194e-03
2.871318585069303e-03
3.176740478821926e-03
3.363842660177615e-03
3.557444527630923e-03
3.823023136008488e-03
4.129746933122279e-03
4.462231213506344e-03
4.839738836531577e-03
5.192269931253214e-03
5.275034024570038e-03
5.005057508368534e-03
4.711350068036016e-03
4.630717085092902e-03
4.592731753952829e-03
4.366802688688643e-03
3.751057485900495e-03
2.691430155063100e-03
1.701427940100934e-03
1.327149794150780e-03
1.583859581622986e-03
2.271474783380418e-03
2.868056403845292e-03
2.825121012927062e-03
2.254953555068094e-03
1.545301261006108e-03
9.474012201737933e-04
6.371264527706479e-04
7.578309112489069e-04
1.409699233145848e-03
2.362754144156149e-03
3.152087024323057e-03
3.500990439338448e-03
3.312952504070326e-03
2.725572916299282e-03
2.110950444977698e-03
1.728505814470340e-03
1.681724900263259e-03
1.906936112294204e-03
2.111370537348437e-03
2.129841345024257e-03
2.050773911952815e-03
1.939103643617618e-03
1.758550255274317e-03
1.592022289807080e-03
1.850314947287718e-03
2.709196028679224e-03
3.489048844242124e-03
3.580780792014003e-03
3.211223043364263e-03
2.810648354387211e-03
2.869998286595960e-03
3.697905502064227e-03
4.537178715130652e-03
4.462550912214360e-03
3.772350787687611e-03
3.214579146432086e-03
3.201202868938980e-03
3.928787519060546e-03
5.064678829699513e-03
5.997038897034681e-03
6.417131962785657e-03
6.234754842499840e-03
5.508776884122022e-03
4.416601012726647e-03
3.162391778750550e-03
1.976062711742362e-03
1.185677099878252e-03
1.218845638028262e-03
2.056317567002659e-03
3.073844322927157e-03
3.832647317554384e-03
4.258835576367934e-03
4.401553734818151e-03
4.481135740407171e-03
4.578167641160074e-03
4.412341599395809e-03
3.829811794212052e-03
3.158284742121472e-03
2.749377498024069e-03
2.764897033411672e-03
3.207869514911678e-03
3.602637298105882e-03
3.466616980330289e-03
2.864553789796149e-03
2.061663941282522e-03
1.527650189342341e-03
1.715992155919283e-03
2.420966218786499e-03
3.167953665904635e-03
3.671326202909747e-03
3.799581355825291e-03
4.025777185151787e-03
5.113313089154396e-03
6.578908885189105e-03
7.060326019984585e-03
6.153740180481144e-03
4.329604322650356e-03
2.337425708362922e-03
1.167415044005487e-03
1.144196100444535e-03
1.758294017763574e-03
2.590432416747755e-03
3.428661789877407e-03
4.043373576974164e-03
4.146889309562584e-03
3.659284672015442e-03
2.944171692734752e-03
2.376170515929843e-03
2.219748256558244e-03
2.506436591185182e-03
2.619593226343629e-03
2.120973427757612e-03
1.659589292838666e-03
1.923171865341671e-03
2.682876546865911e-03
3.506194060507442e-03
4.221603569900205e-03
4.745621390793927e-03
5.001522877405538e-03
4.922801341076511e-03
4.503421336954828e-03
3.785230440936695e-03
2.997547813974843e-03
2.457477032061351e-03
2.233902365274586e-03
2.230656092065593e-03
2.435354551472891e-03
2.895386746704278e-03
3.430651410038338e-03
3.649377678701387e-03
3.395510692407901e-03
2.792413170270859e-03
2.059541809217604e-03
1.523766510294133e-03
1.416824316000613e-03
1.804176304053698e-03
2.479914055528528e-03
2.752176798130692e-03
2.269524787304960e-03
1.577651925461386e-03
1.196974186958013e-03
1.240421583392213e-03
1.617512860194176e-03
1.794104365951634e-03
1.430998542600152e-03
1.333990447475159e-03
2.252219203164805e-03
3.269892988767086e-03
3.205029736317092e-03
2.285375896136628e-03
1.204207146691656e-03
2.883911523481491e-04
-3.176965865198642e-04
-6.570859234939589e-04
-8.482224879044681e-04
-7.547307051911644e-04
-1.181695427427016e-04
7.786102318746374e-04
1.278838982877815e-03
1.284081172512690e-03
1.187822488832874e-03
1.188129931266577e-03
1.260682784704565e-03
1.345026274852879e-03
1.349857234396993e-03
1.230684539505667e-03
1.014511718370441e-03
7.428730687922414e-04
4.731785546654647e-04
3.369216898026870e-04
6.155085663785971e-04
1.354782361171895e-03
1.967790559247581e-03
2.035377525154645e-03
1.932143524774090e-03
2.037033037540339e-03
2.206562907387972e-03
2.211924562780998e-03
1.970748384399722e-03
1.486095672807356e-03
1.002551207327401e-03
8.310164075521142e-04
1.189725221342078e-03
2.194625680188438e-03
3.439025056957814e-03
4.296415003193806e-03
4.456333270127206e-03
3.834907258970188e-03
2.904511415928286e-03
2.474735727522514e-03
2.694725226674995e-03
3.172815563141744e-03
3.502413489555984e-03
3.294612899189322e-03
2.659712962926343e-03
2.264457267256828e-03
2.388234207062909e-03
2.746813748363106e-03
2.893689226537213e-03
2.191690996848457e-03
5.640274309587786e-04
-9.699768959428181e-04
-1.611880066775247e-03
-1.343958748396743e-03
-3.792060444209813e-04
7.338216452040070e-04
1.595894482010362e-03
2.487539914720885e-03
3.612987976348615e-03
4.311510206970713e-03
3.944583413290256e-03
3.031563238332452e-03
2.355142717352244e-03
2.179868544653924e-03
2.523302987910993e-03
2.988548627996244e-03
3.044258184085997e-03
2.586228010778161e-03
1.759289700467450e-03
9.759205382511348e-04
7.753795860712164e-04
1.134833509495981e-03
1.626439158396167e-03
2.091339669965088e-03
2.605157128299258e-03
2.969569670858791e-03
2.705094106126573e-03
1.780974432608112e-03
7.355993470519634e-04
4.694729862992729e-05
4.934053928434279e-05
7.669490037765902e-04
1.704267727875911e-03
2.407365914241926e-03
2.617451585524628e-03
2.322678409939449e-03
2.065456197178914e-03
2.212214775161335e-03
2.347260118638269e-03
2.064131422424680e-03
1.519991525702391e-03
9.726014268389659e-04
5.595294167254222e-04
3.660898674782019e-04
3.749833811105423e-04
5.497680322128772e-04
9.524275982700559e-04
1.635357463724796e-03
2.256269947309241e-03
2.366792221098177e-03
2.356240800832748e-03
3.022383970286909e-03
4.241945979379620e-03
5.277102831728282e-03
5.678974793948273e-03
5.260780084323879e-03
4.229950935603250e-03
3.159584553733535e-03
2.474494642273537e-03
2.409464175060457e-03
2.985353409649191e-03
3.948402695315704e-03
4.986605504232087e-03
5.727024141990010e-03
5.931372328236829e-03
5.627685804443918e-03
4.872690636358306e-03
3.720798082598729e-03
2.333410626888791e-03
1.165008580202122e-03
7.196364251276376e-04
