# ToAs for B0531+21
# Column 1: MJD (days)
# Column 2: Uncertainty (seconds)

61088.609606118734518532 5.978472e-05
61088.611805101056233980 4.154654e-05
61088.614120068516058382 3.606185e-05
61088.616434643066895660 4.971407e-05
61088.618749610315717291 3.751775e-05
61088.621064577477227431 3.440478e-05
61088.623379152617417276 3.633026e-05
61088.625694119902618695 5.233274e-05
61088.628009085812664125 4.477041e-05
61088.630324053236108739 3.686287e-05
61088.632639020157512277 4.385907e-05
61088.634915196256770287 5.948310e-05
61088.637268170423340052 4.505769e-05
61088.639583138516172767 4.733220e-05
61088.641884782831766643 3.609550e-05
61088.644213072358979844 3.977863e-05
61088.646527255550608970 4.507343e-05
61088.648842223628889769 5.305525e-05
61088.652083849592600018 6.989890e-05
61088.653472157006035559 4.113298e-05
61088.655786732240812853 4.522114e-05
61088.658101700159022585 3.969346e-05
61088.660416275692114141 4.636588e-05
61088.662731634227384347 4.362869e-05
61088.665045817506324966 4.263027e-05
61088.667360784864285961 3.776891e-05
61088.669617761072004214 4.178957e-05
61088.671990328861284070 3.559253e-05
61088.674305295920930803 4.017763e-05
61088.676581471365352627 4.079673e-05
61088.679108421441924293 6.015685e-05
61088.681249806599225849 5.009575e-05
61088.683564382045005914 4.734150e-05
61088.685879350152390543 3.941733e-05
61088.688193925314408261 7.635803e-05
61088.690508893720107153 3.773070e-05
