# ToAs for B0531+21
# Column 1: MJD (days)
# Column 2: Uncertainty (seconds)

61102.485995025155716576 8.612568e-05
61102.487731292269018013 3.761901e-05
61102.490045919359545223 3.947694e-05
61102.492360938158526551 4.200051e-05
61102.494675565736542922 3.790223e-05
61102.496990583364095073 4.685195e-05
61102.499189617279625963 4.323021e-05
61102.501620188893866725 nan
61102.504282423622498754 4.128950e-05
61102.506249876445508562 4.572036e-05
61102.508564503274101298 3.621398e-05
61102.510879522342293058 3.665726e-05
61102.513194541475968435 3.784850e-05
61102.515508776654314715 3.699405e-05
61102.517823794936703052 4.125443e-05
61102.520138422129093669 4.209256e-05
61102.522453833684267011 3.585791e-05
61102.524768068535195198 3.387648e-05
61102.527083087195933331 3.528593e-05
61102.529398105951258913 4.214840e-05
61102.531712693933513947 7.651399e-05
61102.534027360765321646 3.442508e-05
61102.536342771418276243 3.236293e-05
61102.538657006261928473 3.769326e-05
61102.540046095244179014 4.756686e-05
61102.544328568183118477 4.071082e-05
61102.545601671816257294 3.370395e-05
61102.547916299030475784 4.454523e-05
61102.550231318076839671 4.096572e-05
61102.552545944679877721 4.219323e-05
61102.554860963733517565 4.045465e-05
61102.557175590583938174 4.301644e-05
61102.559490610452485271 4.221486e-05
61102.561805237448425032 4.483931e-05
61102.564120256247406360 4.059776e-05
61102.566434884458431043 4.067690e-05
61102.568749511119676754 4.105625e-05
61102.571064530209696386 3.734588e-05
61102.573379157329327427 4.201642e-05
61102.575694176550314296 3.551660e-05
61102.578008803742704913 4.759242e-05
61102.580323823014623486 3.871062e-05
61102.582638450265221763 3.760913e-05
61102.584953469704487361 4.300889e-05
61102.587268489216512535 4.159821e-05
61102.589583116234280169 4.892170e-05
61102.591898135935480241 4.136998e-05
61102.594213154712633695 4.389695e-05
61102.596527390014671255 3.791001e-05
61102.598842409686767496 3.402594e-05
61102.601157428696751595 3.507678e-05
61102.603472448456159327 3.662386e-05
61102.605787076230626553 3.977358e-05
61102.608102094942296389 3.574662e-05
61102.610416331015585456 3.710055e-05
61102.612731350272952113 3.162947e-05
61102.615045977778208908 4.101432e-05
61102.616435068091959693 5.592027e-05
61102.620370366261340678 4.446881e-05
61102.621990253021067474 4.090981e-05
61102.624305663739505690 4.206058e-05
61102.626967074298590887 3.789444e-05
61102.629108506851480342 4.794568e-05
61102.631249546902836300 4.169404e-05
61102.633564566291170195 3.734690e-05
61102.635879194480367005 4.413147e-05
61102.638194213941460475 3.183184e-05
61102.640508842065173667 3.730196e-05
61102.642823861562646925 4.593704e-05
61102.645138489111559466 3.705585e-05
61102.647453509649494663 3.398904e-05
61102.649768137322098482 3.492907e-05
61102.652083157066954300 3.283505e-05
61102.654397784834145568 3.309524e-05
61102.656712804855487775 3.502120e-05
61102.659027432724542450 3.670250e-05
61102.661342452949611470 3.517314e-05
61102.663657080323901027 3.506072e-05
61102.665972100978251547 3.740740e-05
61102.668286728861858137 3.874019e-05
61102.670601356905535795 3.282546e-05
61102.672916769311996177 4.356235e-05
61102.675231397181050852 3.622095e-05
61102.677546025290212128 3.543951e-05
61102.679861003918631468 nan
61102.682176024078216869 nan
61102.684721882571466267 4.355548e-05
61102.686805714452930260 3.567929e-05
61102.689119951108295936 3.287734e-05
61102.691435363100026734 3.641248e-05
61102.693518019041221123 4.024199e-05
