1.732056747364973e-03
1.411199885503648e-03
1.307404384293841e-03
1.372673391973093e-03
1.559010056778947e-03
1.818417526948944e-03
2.102898950720627e-03
2.364457476331538e-03
2.555096252019220e-03
2.628212177110876e-03
2.582648520330071e-03
2.471676581399823e-03
2.351776078343007e-03
2.279378610302237e-03
2.288021613977036e-03
2.351783513075916e-03
2.435214798379551e-03
2.502865960668617e-03
2.524026246775355e-03
2.496798554989542e-03
2.430116508567528e-03
2.332933211752178e-03
2.214743958653230e-03
2.093929765963991e-03
1.996130117561200e-03
1.947197056100048e-03
1.972752278095043e-03
2.079525134631237e-03
2.241599827760213e-03
2.429818998414176e-03
2.615025288664035e-03
2.770053113119818e-03
2.875506452443654e-03
2.913883516073346e-03
2.867682513446694e-03
2.724038484978488e-03
2.514168027883037e-03
2.293666595804090e-03
2.118387105519227e-03
2.042770433346394e-03
2.077251358525435e-03
2.180703587924516e-03
2.309065892641428e-03
2.418309665520593e-03
2.477816559818986e-03
2.490971667430242e-03
2.466468611640442e-03
2.413001015735673e-03
2.338451139372102e-03
2.245893872992847e-03
2.136640183142962e-03
2.011998350330791e-03
1.873911758933499e-03
1.734383537126295e-03
1.613455808094804e-03
1.531395268073763e-03
1.508234621823833e-03
1.546084782946856e-03
1.616780512441096e-03
1.689236699819679e-03
1.732368280531431e-03
1.725389204105343e-03
1.686692797612288e-03
1.643987512362362e-03
1.624981799665662e-03
1.654678618633026e-03
1.733082401498519e-03
1.846684039585275e-03
1.981842093125775e-03
2.124804872002061e-03
2.258533816199189e-03
2.362222582973273e-03
2.414857834110428e-03
2.395473403354982e-03
2.299999879390239e-03
2.166200487924630e-03
2.038200291498675e-03
1.960124352652889e-03
1.967060152426477e-03
2.041910666419414e-03
2.148889807750388e-03
2.252187690086183e-03
2.317762506232363e-03
2.338651996033122e-03
2.329063531474912e-03
2.303768074078410e-03
2.277517531607098e-03
2.263698178668194e-03
2.273440682004699e-03
2.317664486286267e-03
2.407288892397688e-03
2.543439965004857e-03
2.690910324493558e-03
2.806068341400762e-03
2.845282386263443e-03
2.770539875217650e-03
2.594301973447963e-03
2.355698092839473e-03
2.094099153641735e-03
1.848435812518989e-03
1.645072254045581e-03
1.496279293090823e-03
1.413580842041748e-03
1.408475786254495e-03
1.484591960941988e-03
1.626528519294381e-03
1.816065981108662e-03
2.034984866181812e-03
2.264643370769602e-03
2.484023009901351e-03
2.671274580940771e-03
2.804548008911597e-03
2.863523753756364e-03
2.850557966068348e-03
2.785347896494781e-03
2.688030294333993e-03
2.578643167655902e-03
2.470588752231213e-03
2.366552548048903e-03
2.268245867268459e-03
2.177379935329699e-03
2.093113549032768e-03
2.005370019188627e-03
1.901984501089993e-03
1.770792150029582e-03
1.602729650079199e-03
1.415822906627046e-03
1.242086022501240e-03
1.113649908429461e-03
1.061536395806757e-03
1.086434409066100e-03
1.155750060777949e-03
1.235188809734673e-03
1.290511714066704e-03
1.302939030784549e-03
1.290188678075749e-03
1.275243615708864e-03
1.281086803452449e-03
1.326101080127502e-03
1.403435591010568e-03
1.497631994156509e-03
1.593224612198723e-03
1.675426796423186e-03
1.739187143462755e-03
1.786736857603657e-03
1.820482652116926e-03
1.842870933224429e-03
1.858853823020666e-03
1.877340416296900e-03
1.907588883619557e-03
1.958857079345421e-03
2.035522267350520e-03
2.124738147173039e-03
2.209860948482622e-03
2.274246900948915e-03
2.302398339697163e-03
2.288552918492219e-03
2.231860983464950e-03
2.131510591168569e-03
1.987215129613190e-03
1.812465539851194e-03
1.635543408564632e-03
1.485458592240086e-03
1.391161929524139e-03
1.367003747102104e-03
1.393667771504322e-03
1.447108401321536e-03
1.503280035144488e-03
1.542348287921431e-03
1.566996483749139e-03
1.587403154126752e-03
1.613751915533577e-03
1.655388410717567e-03
1.710027800976466e-03
1.766874916676161e-03
1.814939792073793e-03
1.843319921068075e-03
1.846308073211853e-03
1.826219764307031e-03
1.786057152432372e-03
1.728822623445305e-03
1.659601922686891e-03
1.590651811999201e-03
1.535770777337014e-03
1.508757304655114e-03
1.521860842939473e-03
1.574531383752395e-03
1.659907233120276e-03
1.771082302752052e-03
1.900773570607650e-03
2.032211343113398e-03
2.138661743434014e-03
2.192918386431593e-03
2.167856374299990e-03
2.054386682091247e-03
1.884040774016222e-03
1.693905723900399e-03
1.521068605569262e-03
1.397884506864830e-03
1.332043523254520e-03
1.323225330057957e-03
1.371105374043801e-03
1.474179636659092e-03
1.615090709933094e-03
1.765134639631286e-03
1.895361103927813e-03
1.977113484013669e-03
1.998180455750963e-03
1.971186281696534e-03
1.910816899229105e-03
1.831757939289747e-03
1.746888046034586e-03
1.663019031388232e-03
1.585690884077174e-03
1.520443592827900e-03
1.471390970846512e-03
1.431181910746423e-03
1.386941195920263e-03
1.325758138111271e-03
1.235073654817012e-03
1.110826825579788e-03
9.576898327071145e-04
7.807334633597883e-04
5.850695648206100e-04
3.839829646864411e-04
2.087390142528192e-04
9.299699098546036e-05
7.041617235007910e-05
1.664913877616006e-04
3.652262851074231e-04
6.374767212761415e-04
9.540932915289111e-04
1.285992114357946e-03
1.604942518569028e-03
1.883311105773517e-03
2.093476763680990e-03
2.208236853766320e-03
2.222508358470714e-03
2.163877363060257e-03
2.062559424876870e-03
1.948768601039012e-03
1.846653090656301e-03
1.760494793195052e-03
1.690514896915862e-03
1.636934590079333e-03
1.600750277528960e-03
1.589022458240375e-03
1.611666328106657e-03
1.678613753092344e-03
1.798981408485230e-03
1.962951877123093e-03
2.141670462392991e-03
2.305446639413995e-03
2.424661008121511e-03
2.482486621530069e-03
2.489589742945766e-03
2.460199400333433e-03
2.408544621657903e-03
2.346666626630580e-03
2.275766717387686e-03
2.193695109528108e-03
2.098301035811695e-03
1.987380426342304e-03
1.858056571769018e-03
1.706992235241772e-03
1.530841217507671e-03
1.326457030372453e-03
1.100673179541236e-03
8.747389032814919e-04
6.710280788681153e-04
5.119128616126107e-04
4.147616136275270e-04
3.809555245456261e-04
4.086897056446535e-04
4.961592682023571e-04
6.397074966901300e-04
8.215795433403429e-04
1.017536849761976e-03
1.203306569528201e-03
1.354962531844586e-03
1.456322350318548e-03
1.498821891880433e-03
1.474218590774964e-03
1.374368189382144e-03
1.207173252635765e-03
1.014229834465674e-03
8.413830157018097e-04
7.344778771741120e-04
7.301508800522540e-04
8.205526853131839e-04
9.844182555233030e-04
1.200479787001175e-03
1.447156457464563e-03
1.699038126448271e-03
1.928150565003712e-03
2.106472402251559e-03
2.206537775561088e-03
2.227162267220454e-03
2.204291262606880e-03
2.176676870028844e-03
2.183064915801434e-03
2.248587874283570e-03
2.355944171635929e-03
2.479587563576832e-03
2.593971805824608e-03
2.675496315193178e-03
2.714978944749057e-03
2.709715141209181e-03
2.657031233305071e-03
2.554930420486717e-03
2.415964165377124e-03
2.266687246135166e-03
2.134222272310438e-03
2.045611665822828e-03
2.015971218441333e-03
2.035948962277901e-03
2.093190699970391e-03
2.175342234156656e-03
2.271077211607723e-03
2.373910812173186e-03
2.478782437037181e-03
2.580631683067030e-03
2.673906261157411e-03
2.747218515150128e-03
2.785359630721757e-03
2.773054524796684e-03
2.695428273945953e-03
2.555553136635336e-03
2.381301422796852e-03
2.202361273066756e-03
2.048415816678494e-03
1.940797734409269e-03
1.875441723066942e-03
1.843471463324572e-03
1.836010635855216e-03
1.844772272757322e-03
1.865721260471279e-03
1.896688298446470e-03
1.935512065496345e-03
1.980065728193391e-03
2.028936133879563e-03
2.081382234664980e-03
2.136689145826719e-03
2.194116295379957e-03
2.249428766439750e-03
2.291386788697849e-03
2.307914449123588e-03
2.286935834686299e-03
2.219277950867527e-03
2.109101181153305e-03
1.964391647155230e-03
1.793135796588521e-03
1.604035979134407e-03
1.414032936001265e-03
1.245342897837677e-03
1.120268257901691e-03
1.060766372346950e-03
1.074105911688331e-03
1.147701958740317e-03
1.267562091247336e-03
1.419692119426824e-03
1.587779758884319e-03
1.748633499850605e-03
1.877791640785911e-03
1.950792480150467e-03
1.948599981213607e-03
1.890291136968931e-03
1.811277988420390e-03
1.747034903473888e-03
1.731749154299190e-03
1.773949277404840e-03
1.858522129778708e-03
1.969471731781684e-03
2.090810812029352e-03
2.207639497287727e-03
2.307188175616417e-03
2.376934572231490e-03
2.404356412349013e-03
2.382005051316453e-03
2.325154446013810e-03
2.255437134866333e-03
2.194485959837030e-03
2.162104926085573e-03
2.157676844098530e-03
2.167797323557288e-03
2.178865617187756e-03
2.177404460425451e-03
2.154932423484900e-03
2.109573229959454e-03
2.039903838171629e-03
1.944507606615275e-03
1.828720216839687e-03
1.717432957442587e-03
1.639056927075314e-03
1.622003224389207e-03
1.687727384417967e-03
1.810100885428553e-03
1.943076701304493e-03
2.040540379080392e-03
2.058838056314540e-03
2.001593155820449e-03
1.915045655805932e-03
1.846960830294637e-03
1.844828895500909e-03
1.924524261991182e-03
2.041395108402364e-03
2.143956302244595e-03
2.180722711028014e-03
2.116359627338451e-03
1.986070165483233e-03
1.844309799854004e-03
1.745534448441731e-03
1.738754993020545e-03
1.813965760485398e-03
1.925025200540128e-03
2.025270924787471e-03
2.068704271989351e-03
2.034878629361898e-03
1.936396292252653e-03
1.788053833715311e-03
1.604653642189414e-03
1.406015528966728e-03
1.226139747742991e-03
1.101514055224776e-03
1.068626208118658e-03
1.154747403828165e-03
1.325743795766296e-03
1.522382543465257e-03
1.685355966855993e-03
1.758114124316462e-03
1.735212824889629e-03
1.656281475598377e-03
1.562494822113579e-03
1.494813337813592e-03
1.471449305251498e-03
1.468048807774097e-03
1.455585337375963e-03
1.405032386051665e-03
1.294175130614089e-03
1.129812538535469e-03
9.264670658151406e-04
6.986612351003098e-04
4.627482997059257e-04
2.543443364956218e-04
1.205968413595570e-04
1.088089704446621e-04
2.646696360192363e-04
5.746849806037047e-04
9.504849685728597e-04
1.298892107095983e-03
1.526772197683952e-03
1.572033718683777e-03
1.458220134877779e-03
1.223515949631718e-03
9.061056663113501e-04
5.444270702499063e-04
1.785617856987001e-04
-1.507524416669301e-04
-4.027761541636054e-04
-5.391010473877903e-04
-5.630070200221755e-04
-5.137477194862088e-04
-4.317572628589009e-04
-3.572915462930508e-04
-3.130890030744246e-04
-2.898514200810823e-04
-2.748624531636070e-04
-2.554057581725803e-04
-2.201018729041828e-04
-1.631240417315855e-04
-8.008693326879243e-05
3.339478112610775e-05
1.817463694997413e-04
3.698012308384957e-04
6.026316471528110e-04
8.853129154303561e-04
1.222640508704505e-03
1.609626960707412e-03
2.029176035744030e-03
2.463439864394083e-03
2.894577797596443e-03
3.309107783463805e-03
3.705284728850758e-03
4.083319138105839e-03
4.443421515577592e-03
4.795316690773666e-03
5.208880220984878e-03
5.777426864210580e-03
6.594324427594369e-03
7.759932501330731e-03
9.495306018864082e-03
1.212338858792965e-02
1.597032040195208e-02
2.136550298084112e-02
2.893600996835511e-02
3.984108850103518e-02
5.529516946314910e-02
7.651268373896464e-02
1.045879212701144e-01
1.401285125704570e-01
1.836188801024526e-01
2.355434463195378e-01
2.961792190938946e-01
3.637445544555484e-01
4.352798944035258e-01
5.078118156312065e-01
5.784018191929550e-01
6.452765946318654e-01
7.080736485610956e-01
7.665151018429203e-01
8.203227088019753e-01
8.690299449510042e-01
9.116753895514154e-01
9.472172796020392e-01
9.746138521017066e-01
9.927442110811892e-01
1.000000000000000e+00
9.945874076260013e-01
9.747122616279261e-01
9.387178603462228e-01
8.872397052719128e-01
8.228064637164902e-01
7.480035498909421e-01
6.654217078678452e-01
5.781043536923622e-01
4.898859745815733e-01
4.046807514978095e-01
3.264028653505738e-01
2.582391198044331e-01
2.005031502090570e-01
1.527992718092350e-01
1.147317998497568e-01
8.582940556685872e-02
6.489124544157744e-02
5.030840764920379e-02
4.046750906829841e-02
3.377067361884482e-02
2.911433146244269e-02
2.598047633848271e-02
2.388502487407908e-02
2.234414491505891e-02
2.098501978232975e-02
1.971973290658533e-02
1.850543295984892e-02
1.729926861414379e-02
1.606538756574590e-02
1.480994488066769e-02
1.355469573745895e-02
1.232142116203247e-02
1.113085738984965e-02
9.986908545270878e-03
8.879879406765498e-03
7.799685747790944e-03
6.736408320345748e-03
5.693200421175082e-03
4.695550284678994e-03
3.771131893874677e-03
2.947619214339082e-03
2.243505963686992e-03
1.641920438258572e-03
1.117476051098470e-03
6.447862152513365e-04
2.010359833870774e-04
-2.124857754458885e-04
-5.813099355702540e-04
-8.908332624699410e-04
-1.126763874083889e-03
-1.284298664634308e-03
-1.369630941107101e-03
-1.389568947047545e-03
-1.350931575447289e-03
-1.264619873214195e-03
-1.151762610696655e-03
-1.035064499294653e-03
-9.372302504081728e-04
-8.766995472923830e-04
-8.469651509521044e-04
-8.324762570862637e-04
-8.176694454250906e-04
-7.875021344224336e-04
-7.350440976456958e-04
-6.597773323568800e-04
-5.613587417900264e-04
-4.395218585515760e-04
-2.996773702655183e-04
-1.567196751872184e-04
-2.644452750422034e-05
7.535236039078382e-05
1.377246909474500e-04
1.679437939926175e-04
1.775581389238425e-04
1.781161951386812e-04
1.807262717822641e-04
1.924868026960143e-04
2.183532158745555e-04
2.632607520038962e-04
3.319381374733360e-04
4.230902339061058e-04
5.285916608612197e-04
6.399484497808132e-04
7.486719128968820e-04
8.480447068870214e-04
9.356832524692460e-04
1.009854468548028e-03
1.068825274027840e-03
1.111523322978262e-03
1.140642537461501e-03
1.160209323694993e-03
1.174251631167237e-03
1.186791341972768e-03
1.201758950458043e-03
1.223014291560001e-03
1.254415364675451e-03
1.299747035521103e-03
1.357719791368384e-03
1.418756526252481e-03
1.472515473128696e-03
1.508654883942914e-03
1.517657934674772e-03
1.493030281887477e-03
1.428969631354453e-03
1.319673688849129e-03
1.160950878760327e-03
9.628770307512612e-04
7.429807174842157e-04
5.188553561149949e-04
3.081112794467114e-04
1.288313575482828e-04
-3.773710046515899e-07
-6.088059092034711e-05
-3.408954094793451e-05
8.512571006558037e-05
2.697419870374549e-04
4.880360273505218e-04
7.082845683876116e-04
9.022356591291392e-04
1.060924198140659e-03
1.182044836387747e-03
1.263298539116238e-03
1.303061501173664e-03
1.309550735702043e-03
1.298426629381388e-03
1.285533560743824e-03
1.286573071093194e-03
1.307944007370910e-03
1.341188320486856e-03
1.376517383861918e-03
1.404142703328150e-03
1.417042807620355e-03
1.418083335410606e-03
1.412337363946942e-03
1.404877970477402e-03
1.400318381563652e-03
1.399311112930139e-03
1.400486874602846e-03
1.402460183858134e-03
1.403877362368943e-03
1.404236466612866e-03
1.403959977367980e-03
1.403516748280796e-03
1.403374636110380e-03
1.403740194438971e-03
1.404210287520017e-03
1.404294983491113e-03
1.403504350489854e-03
1.402556758488299e-03
1.408714790156612e-03
1.431446290546044e-03
1.480220786606343e-03
1.563707244236477e-03
1.679282802812685e-03
1.815970591435100e-03
1.962597517413135e-03
2.108015915436073e-03
2.242634836101556e-03
2.359294278357240e-03
2.451045477599945e-03
2.510939711545827e-03
2.532525097882864e-03
2.511081390627099e-03
2.442265365804648e-03
2.321733799441630e-03
2.147924076587443e-03
1.942569264077268e-03
1.739023769041743e-03
1.570727438683649e-03
1.470174349050202e-03
1.445558857869718e-03
1.479270279722182e-03
1.552450752071702e-03
1.646261900452652e-03
1.746421547640835e-03
1.849029940949508e-03
1.951626387503181e-03
2.051750194426360e-03
2.146988963439009e-03
2.235185256618815e-03
2.314265465083909e-03
2.382156030274542e-03
2.436841171926125e-03
2.477094254530331e-03
2.502259740412646e-03
2.511694826101295e-03
2.504805796355418e-03
2.483829615883078e-03
2.455326139352586e-03
2.426219626556854e-03
2.403434067683506e-03
2.391932387916897e-03
2.390011246920228e-03
2.394552123450099e-03
2.402436496263110e-03
2.411811891727542e-03
2.431143563060168e-03
2.473925904303901e-03
2.553687118263509e-03
2.682769322437965e-03
2.844262869148561e-03
2.990867063526111e-03
3.073867164711943e-03
3.044685113756333e-03
2.883416555355282e-03
2.633983857769107e-03
2.348922657580133e-03
2.080768591370684e-03
1.874351382967961e-03
1.734843784999825e-03
1.654697416505479e-03
1.626358032993308e-03
1.641890302631016e-03
1.688317753489467e-03
1.749095771197196e-03
1.807604327497383e-03
1.847402717183300e-03
1.861802994358287e-03
1.858681952245738e-03
1.847106894043163e-03
1.836143939818404e-03
1.829119003380117e-03
1.810323255620824e-03
1.760107545098168e-03
1.658822720369792e-03
1.490959915742477e-03
1.273842697203631e-03
1.040431864807108e-03
8.237840299203801e-04
6.561380254479767e-04
5.503556562946160e-04
4.996007192146489e-04
4.961550310373543e-04
5.323036347375723e-04
6.009418638038116e-04
6.962921838161336e-04
8.127514010349091e-04
9.447163217205099e-04
1.087237460551846e-03
1.238645845789962e-03
1.398299365193417e-03
1.565556260319670e-03
1.739312676490217e-03
1.912542308266235e-03
2.074119109256818e-03
2.212835010780291e-03
2.317667698344183e-03
2.387137557999794e-03
2.433701648184331e-03
2.470921286146957e-03
2.512355828217760e-03
2.564881931825294e-03
2.613760201598462e-03
2.639888661545710e-03
2.624165335675481e-03
2.551547289763679e-03
2.438313199494148e-03
2.315315016205838e-03
2.213485705148016e-03
2.162461289982135e-03
2.162339329489953e-03
2.183839790713821e-03
2.196417874037143e-03
2.169636094696593e-03
2.091436675248200e-03
1.988806171906851e-03
1.893722638920675e-03
1.838164130537801e-03
1.848324995689955e-03
1.922102914110780e-03
2.048755350115805e-03
2.217537630123108e-03
2.416724753115962e-03
2.622410466649776e-03
2.802440118147546e-03
2.924502971995247e-03
2.956848621041122e-03
2.894972013542374e-03
2.773291673238354e-03
2.629215664107915e-03
2.500147690197736e-03
2.412576387610693e-03
2.358539695654849e-03
2.323295400082509e-03
2.292101286645980e-03
2.251155398360625e-03
2.193717181172206e-03
2.116255512108751e-03
2.015255385265416e-03
1.887716146918128e-03
1.741904407162854e-03
1.597049949440824e-03
1.472836077007269e-03
1.388877575877048e-03
1.354120361111712e-03
1.355368609588880e-03
1.376672299315032e-03
1.402081408296648e-03
1.418134487227387e-03
1.423240670560363e-03
1.419344600427454e-03
1.408391518230353e-03
1.392997641836233e-03
1.383862315170852e-03
1.397037417070361e-03
1.448670426854525e-03
1.554422876031034e-03
1.707574244981673e-03
1.870130922247814e-03
2.001772534854279e-03
2.062188202370487e-03
2.029055381599517e-03
1.935441384794903e-03
1.825040426187050e-03
1.741546720006362e-03
1.721928187040737e-03
1.753967662321439e-03
1.803607400474657e-03
1.836690938174732e-03
1.820878816368946e-03
1.762153748636313e-03
1.702987111465098e-03
1.687300307340378e-03
1.758812748933739e-03
1.932510075506810e-03
2.165100225750323e-03
2.406236928990642e-03
2.605573914554131e-03
2.723397396399731e-03
2.769443308724105e-03
2.767812494919529e-03
2.742607365857201e-03
2.716053017835702e-03
2.688441631537480e-03
2.645863125623220e-03
2.574168367428643e-03
2.459721269688855e-03
2.311298401226005e-03
2.168305303430336e-03
2.072354238640725e-03
2.065045086426240e-03
2.169725578131730e-03
2.354908839773317e-03
2.578852936007152e-03
2.799815931489387e-03
2.979571661736666e-03
3.104922475089466e-03
3.173525394865726e-03
3.183081327221181e-03
3.132006716609024e-03
3.033250752652897e-03
2.913300306485502e-03
2.799158460904269e-03
2.717729391516946e-03
2.683029485465417e-03
2.683534370214577e-03
2.704712640977850e-03
2.732032892968656e-03
2.755317171119506e-03
2.784134621907092e-03
2.833650595047773e-03
2.919030803617653e-03
3.053131370697546e-03
3.222623950643061e-03
3.397597268264052e-03
3.547877277652226e-03
3.643727209370477e-03
3.673551231618967e-03
3.650001927218701e-03
3.587422984708774e-03
3.500156254256510e-03
3.400387612315918e-03
3.293982880447818e-03
3.185655804630113e-03
3.080120130840709e-03
2.981852479069667e-03
2.893685806856536e-03
2.817756913381137e-03
2.756200094850496e-03
2.710930820393729e-03
2.679582186980006e-03
2.655884583276999e-03
2.633425708856761e-03
2.605833108997627e-03
2.571505985815879e-03
2.538084211233401e-03
2.514265648517184e-03
2.508748160934217e-03
2.526879919744511e-03
2.559193645941626e-03
2.592127364164329e-03
2.612118959811827e-03
2.606622460087606e-03
2.574270965800450e-03
2.520620008114805e-03
2.451328140913154e-03
2.372042894299792e-03
2.287976757446128e-03
2.203773301553848e-03
2.124037692997899e-03
2.053375052524335e-03
1.996347016915379e-03
1.957390804248794e-03
1.940921521969740e-03
1.951354277523375e-03
1.991224142030644e-03
2.050372347853716e-03
2.113388814429166e-03
2.164846753523359e-03
2.190138791437713e-03
2.190116995605857e-03
2.179416809689774e-03
2.173156494460328e-03
2.186352187551499e-03
2.222745530675085e-03
2.264740713938760e-03
2.292366684864084e-03
2.285652390972616e-03
2.228736048863022e-03
2.123478389775869e-03
1.976516872648521e-03
1.794489026459248e-03
1.585620350481270e-03
1.375093676919070e-03
1.198358305862234e-03
1.091006771839943e-03
1.087781233745663e-03
1.191481081479050e-03
1.364045007247505e-03
1.564743776624136e-03
1.752860859147160e-03
1.897657887357291e-03
1.996258765814625e-03
2.050612870842894e-03
2.062669578765831e-03
2.035734340844129e-03
1.982030124187981e-03
1.917382005273191e-03
1.857625120099270e-03
1.817980988014086e-03
1.802500467277451e-03
1.805488777759293e-03
1.820924192199401e-03
1.842805121257551e-03
1.867187119935970e-03
1.893931600259714e-03
1.923311917197502e-03
1.955601425718051e-03
1.990185886511997e-03
2.022717291086266e-03
2.047865996962597e-03
2.060302357246378e-03
2.055807639956259e-03
2.041681085938715e-03
2.032039428556088e-03
2.041088392443468e-03
2.082660441224331e-03
2.157228179253295e-03
2.248547079987906e-03
2.339317305570263e-03
2.412249147099042e-03
2.456702985603733e-03
2.480162632481912e-03
2.493170569736160e-03
2.506269279369062e-03
2.527470012820053e-03
2.548570461568025e-03
2.554974044673785e-03
2.532068626860292e-03
2.466308433103243e-03
2.362882063844448e-03
2.242967717677135e-03
2.128256675469385e-03
2.040322880401785e-03
1.989628303764138e-03
1.966541597349285e-03
1.959317742225691e-03
1.956211719461821e-03
1.948533209660139e-03
1.940122201480506e-03
1.938031113270902e-03
1.949312365230390e-03
1.980170015431467e-03
2.028263364499200e-03
2.086306226387863e-03
2.146952098936128e-03
2.202898052485320e-03
2.248329434477443e-03
2.279253730155723e-03
2.291789627979775e-03
2.282060556315600e-03
2.248823422243694e-03
2.197840447690605e-03
2.136025841440576e-03
2.070293812277855e-03
2.006976618981007e-03
1.948775163790316e-03
1.896992233774460e-03
1.852927678850108e-03
1.817994466344841e-03
1.795524364273435e-03
1.790451230005994e-03
1.807758049206685e-03
1.852427807539672e-03
1.929443490669120e-03
2.043788084259192e-03
2.200444573974056e-03
