-8.898600499436486e-05
-1.276579063615038e-05
1.639113472100081e-05
1.927384595694811e-05
1.667141795155087e-05
2.618469358166546e-05
3.000351464225462e-05
-9.049586563731395e-06
-7.121997562726010e-05
-8.341212667324484e-05
-2.872969516077621e-05
2.529191165006664e-05
3.375397119091870e-05
1.735785576735190e-05
3.844003599936411e-06
1.422243381361502e-05
6.085268858678933e-05
1.146832153861834e-04
1.362649377824282e-04
1.296615220573893e-04
1.223910398188643e-04
1.234564377160975e-04
1.257695518142116e-04
1.257345975353202e-04
1.250222146446840e-04
1.249113595388066e-04
1.251708570663296e-04
1.253943192420460e-04
1.251956639399025e-04
1.244900323971833e-04
1.247253694026211e-04
1.271729511417750e-04
1.273792354424760e-04
1.192125460080354e-04
1.152547239705665e-04
1.417898842652545e-04
1.962595587210664e-04
2.415721725347886e-04
2.522696577902263e-04
2.277044569185163e-04
1.765965582792191e-04
1.269002864633116e-04
1.054468145091353e-04
1.182318752194000e-04
1.626528097279819e-04
2.163687629923298e-04
2.492731575894118e-04
2.476744829950396e-04
2.102122767439211e-04
1.544987621811074e-04
1.179379944642952e-04
1.159967421802585e-04
1.265500818361881e-04
1.304727438492294e-04
1.252304716852314e-04
1.150024567807000e-04
1.207870695627965e-04
1.618726354728269e-04
2.172421524892073e-04
2.511141148919948e-04
2.479968960974194e-04
2.064644336183926e-04
1.491688559810893e-04
1.212355239131589e-04
1.288976884008723e-04
1.194636624864823e-04
6.687660932812093e-05
1.718235331770949e-05
9.120138134433139e-06
1.778371289281253e-05
1.218744490517259e-05
1.177344364535727e-05
4.938193483647522e-05
1.061941939311647e-04
1.358004491529061e-04
1.317738810983188e-04
1.228489587437024e-04
1.231129853560394e-04
1.254204736997482e-04
1.250356339666681e-04
1.252694106753116e-04
1.278202288077228e-04
1.258611715017784e-04
1.156194078727089e-04
1.186897865250770e-04
1.596452813737025e-04
2.157250931611100e-04
2.422843818374565e-04
2.371632208182473e-04
2.315725687629673e-04
2.348113994593594e-04
2.286664228804430e-04
2.152683437306280e-04
2.376539007712761e-04
3.088036445357938e-04
3.407678091010551e-04
2.594859449975269e-04
1.429708418594119e-04
9.878868929097752e-05
1.161977282516237e-04
1.324430021163195e-04
1.295504867713537e-04
1.219228389128505e-04
1.200857289741789e-04
1.293223857907298e-04
1.401451187968681e-04
1.187718663722758e-04
5.675338996257150e-05
1.809583752958314e-05
5.456068012561875e-05
1.170742086934077e-04
1.403572740920922e-04
1.300108719624705e-04
1.195800515514036e-04
1.208737736270708e-04
1.309858909321935e-04
1.361603571622588e-04
1.125117663100695e-04
5.929623232353274e-05
1.149175497117946e-05
-3.180559701326539e-06
1.892818851898475e-05
7.109749071338395e-05
1.206481986437399e-04
1.358492173348929e-04
1.279291754651936e-04
1.223252932641984e-04
1.239482236925917e-04
1.258401508809471e-04
1.255892572668530e-04
1.249957892019347e-04
1.250026719160069e-04
1.251719717305876e-04
1.251786980831743e-04
1.251478364999258e-04
1.251880116498039e-04
1.251612810826431e-04
1.249707162846422e-04
1.250223297143462e-04
1.257114913002290e-04
1.258000058068739e-04
1.235031259678344e-04
1.222883782107458e-04
1.294598885264477e-04
1.365461151122471e-04
1.155738734065710e-04
6.149218081229215e-05
1.520035371274211e-05
6.627850651618166e-06
1.738377423769550e-05
2.379532116740564e-05
2.025125541583002e-05
8.793480443128344e-06
8.999344219698594e-06
4.586961131004971e-05
1.027068565102879e-04
1.333540962585183e-04
1.295807657701932e-04
1.262170111080154e-04
1.343975664054013e-04
1.206682102594165e-04
6.854263357782506e-05
1.886553650282883e-05
8.650600909005281e-06
1.729735281459381e-05
1.466220051921289e-05
1.293359823592917e-05
4.007304936040875e-05
9.427654247647444e-05
1.541543721321116e-04
2.056467579649965e-04
2.424396579634825e-04
2.540524598732404e-04
2.230864576273901e-04
1.571142932894063e-04
1.252815871545576e-04
1.743317550391096e-04
2.297741177439164e-04
2.070569110031739e-04
1.413968763226774e-04
1.080417368262819e-04
1.159762251648313e-04
1.344936281341580e-04
1.385941616704489e-04
1.095776155090372e-04
5.387335487886145e-05
1.270614336114356e-05
8.677343757109417e-06
1.844971607274231e-05
2.022608670457782e-05
1.813132503880098e-05
1.960816758110950e-05
1.957223807150537e-05
1.102882606237062e-05
9.576163614746859e-06
4.104228195702835e-05
9.649229803552429e-05
1.383538855278518e-04
1.446182342517686e-04
1.142314677393325e-04
5.941424856004943e-05
1.562001465214682e-05
7.365949464404262e-06
1.733706964273323e-05
2.351141837537608e-05
2.024792402097879e-05
9.103485782052048e-06
9.066332060696779e-06
4.491283943439457e-05
1.014870006335451e-04
1.345807703425895e-04
1.328182386705640e-04
1.232105683061265e-04
1.224677132998629e-04
1.254870560749661e-04
1.266857953619707e-04
1.252424022977772e-04
1.222543751262681e-04
1.237224582937538e-04
1.337956527270617e-04
1.333570254912030e-04
9.644162211962205e-05
3.986239102936910e-05
8.206754013572654e-06
1.083983854673115e-05
2.014802468506179e-05
2.045678337496528e-05
1.775704345766827e-05
1.734802658954736e-05
1.808325302117711e-05
1.829459453371237e-05
1.810865342320004e-05
1.802239472892370e-05
1.806526441082918e-05
1.809285771542407e-05
1.808305548734815e-05
1.808663050881958e-05
1.809755262554317e-05
1.805733600551592e-05
1.800625600126887e-05
1.812786640935591e-05
1.835612572454256e-05
1.804738148369768e-05
1.712364241583030e-05
1.777443204870770e-05
2.123443678020215e-05
2.042315651261504e-05
8.282088567643235e-06
6.234999487382106e-06
4.821716914905388e-05
1.097316401207931e-04
1.179576054702437e-04
6.143949117211602e-05
1.007632267894240e-05
4.988957838136430e-06
1.909166827567320e-05
2.488115891214292e-05
1.901381038380383e-05
6.544670485682144e-06
1.113651340245230e-05
5.611366766631886e-05
1.121219051677675e-04
1.277858858633658e-04
1.176707990787335e-04
1.452401369185896e-04
2.087558705643322e-04
2.290205875017549e-04
1.768495511192969e-04
1.208895924686380e-04
1.123871458439524e-04
1.247673235368715e-04
1.263853831528039e-04
1.243750926798826e-04
1.326031967960130e-04
1.331390910359612e-04
9.714319654843011e-05
4.037307590755584e-05
8.349913851056222e-06
1.097258963162816e-05
1.983437085751991e-05
1.944443279774752e-05
1.826527719715726e-05
2.112301683969787e-05
1.812314148217736e-05
5.351391687322566e-06
1.239213284355262e-05
6.619032648189160e-05
1.202475312953838e-04
1.061102891190003e-04
4.349004717318707e-05
5.178372320476600e-06
9.296077518952786e-06
2.087075089838198e-05
2.101994948124821e-05
1.759643744580271e-05
1.709717978744936e-05
1.811300370080798e-05
1.860466346648182e-05
1.819653039384372e-05
1.716625461556312e-05
1.741955526337626e-05
2.069920527617373e-05
2.130111294584494e-05
1.061610846363077e-05
4.261879537446285e-06
3.786528763544605e-05
1.011892112483918e-04
1.225928861807210e-04
7.242524113702601e-05
1.538577818900332e-05
4.379491092725676e-06
1.707198051628235e-05
2.196792061520534e-05
1.890892635136265e-05
1.703681999286644e-05
1.769578032364809e-05
1.834143261304334e-05
1.822488974025667e-05
1.802657527571456e-05
1.804566489995019e-05
1.807851100449781e-05
1.803678917053305e-05
1.809881703622673e-05
1.828987595078365e-05
1.811045726128087e-05
1.736064900982375e-05
1.767453034500247e-05
2.038099732226786e-05
2.038719258927958e-05
1.121493305732872e-05
7.557107531193929e-06
3.787647071564509e-05
9.473138084484424e-05
1.317500645182974e-04
1.310809643953768e-04
1.254236123723322e-04
1.334977848544577e-04
1.255131483191306e-04
7.780356079852613e-05
2.432354681025027e-05
6.484945420149854e-06
1.479315642905946e-05
2.062892929467824e-05
1.878768514806397e-05
1.877679370452237e-05
2.055581186285834e-05
1.472189519883921e-05
6.707845014494427e-06
2.470608517163122e-05
7.773720332751200e-05
1.259274012748299e-04
1.362043314518723e-04
1.263955588585279e-04
1.220681802181101e-04
1.243655114363907e-04
1.259277589134786e-04
1.254448229472231e-04
1.250497842240907e-04
1.252158641777137e-04
1.249288394564546e-04
1.244228431380337e-04
1.256778521635202e-04
1.279639039412168e-04
1.246296014775846e-04
1.152582474131832e-04
1.225329061125419e-04
1.657915081661381e-04
2.208471923145622e-04
2.516321623938754e-04
2.456411041194386e-04
2.040303425382237e-04
1.485591820186612e-04
1.166837491514750e-04
1.178605607302221e-04
1.267364563626031e-04
1.272801753679576e-04
1.250164848910568e-04
1.252006075221675e-04
1.252367562879420e-04
1.227907525422602e-04
1.236865222100073e-04
1.332290635164352e-04
1.334883734994566e-04
9.844221183393068e-05
4.212856773312808e-05
6.838934783144763e-06
6.709883466696760e-06
2.383090499463478e-05
3.513270220165619e-05
1.166866955766698e-05
-5.072493710858001e-05
-8.897666042047713e-05
-5.240677346564263e-05
9.909298412912339e-06
3.265708322602478e-05
2.246142861320535e-05
1.430037272678063e-05
1.628571619373513e-05
1.898803320182118e-05
1.872504675188924e-05
1.788819625409519e-05
1.786809885982205e-05
1.811200400959203e-05
1.814665939234619e-05
1.807980318932301e-05
1.806111194859793e-05
1.807828957763071e-05
1.808700638191755e-05
1.808287150345632e-05
1.807653689541387e-05
1.807653917708811e-05
1.808892837792052e-05
1.809613424004583e-05
1.806078687731329e-05
1.802123655532078e-05
1.812065129667150e-05
1.829916942200246e-05
1.804616173484055e-05
1.731919131285849e-05
1.786242430298904e-05
2.060048063616538e-05
1.986652133275637e-05
1.021209188964022e-05
8.884645720269094e-06
4.293637309458804e-05
9.962157672291552e-05
1.341806866094762e-04
1.331480030063326e-04
1.234264376829496e-04
1.225942445672520e-04
1.253426964414146e-04
1.259295178139865e-04
1.251931481702136e-04
1.248780514147950e-04
1.250743641020267e-04
1.253660579029143e-04
1.253356825787625e-04
1.246608241960638e-04
1.243855858124378e-04
1.264200926685738e-04
1.282055147824961e-04
1.222369944065160e-04
1.135989396506169e-04
1.296836786896563e-04
1.817665003434637e-04
2.312730996318439e-04
2.430819407148234e-04
2.338174865648277e-04
2.304181359156291e-04
2.324797317389895e-04
2.291066196882557e-04
2.269221309010970e-04
2.440649014888461e-04
2.906599062412753e-04
3.682175670797353e-04
4.686499663752007e-04
5.694714531250777e-04
6.611211118619148e-04
7.686057480728584e-04
9.128237211877283e-04
1.078505951790500e-03
1.248893203588844e-03
1.453727772614204e-03
1.740591710820388e-03
2.153351899512559e-03
2.734898890489789e-03
3.554760176374117e-03
4.709023032553995e-03
6.377285078945745e-03
8.856578553043625e-03
1.253831002448632e-02
1.800105434253026e-02
2.572126682555498e-02
3.573363503595669e-02
4.781371646675468e-02
6.081664869922114e-02
7.321696539446018e-02
8.294126955309013e-02
8.770931865312588e-02
8.686439557239349e-02
8.113916133918363e-02
7.199467621234693e-02
6.176646715829158e-02
5.229690720431304e-02
4.434304590273307e-02
3.836788408572248e-02
3.431447685297523e-02
3.202314602945094e-02
3.132453857603236e-02
3.205846133381923e-02
3.416613768253249e-02
3.765220185867652e-02
4.271543372391912e-02
4.970134357927927e-02
5.892474076491839e-02
7.065913590239871e-02
8.505550494711339e-02
1.020509654211877e-01
1.214315970858483e-01
1.426241847014463e-01
1.649399623459457e-01
1.874501986049796e-01
2.093252848378523e-01
2.309584533086732e-01
2.534938652895248e-01
2.806995876290767e-01
3.181338173274231e-01
3.709115133540791e-01
4.435889399447474e-01
5.370657699997765e-01
6.464089551579175e-01
7.632523697851217e-01
8.719701447424606e-01
9.560637707952412e-01
1.000000000000000e+00
9.908079120562147e-01
9.306441603706752e-01
8.283828101235076e-01
7.002015693410557e-01
5.665517075153705e-01
4.422312171121809e-01
3.365032423083510e-01
2.539220884818963e-01
1.925296505939101e-01
1.493766077483521e-01
1.204352765537524e-01
1.017297184776377e-01
8.999245411761196e-02
8.230539024004711e-02
7.685895569285069e-02
7.235525970638787e-02
6.860017292191653e-02
6.602084292321868e-02
6.505431840144985e-02
6.613714610134851e-02
6.958507160355079e-02
7.555475771648455e-02
8.410350362631355e-02
9.510964455000312e-02
1.078684623547184e-01
1.198843818482603e-01
1.283805117410692e-01
1.309663351156789e-01
1.257207288906138e-01
1.136747950927024e-01
9.736111866054765e-02
7.937365589659455e-02
6.231382581066597e-02
4.778482500606833e-02
3.620092540811567e-02
2.757625431680807e-02
2.132280585891554e-02
1.682790578639876e-02
1.359039606926838e-02
1.117232355607473e-02
9.335540953709327e-03
7.907015256248928e-03
6.771977319465672e-03
5.843888242099568e-03
5.057673175975993e-03
4.364585327459716e-03
3.749701031346457e-03
3.233765646035451e-03
2.816316563040948e-03
2.459228743959158e-03
2.135520826766194e-03
1.855647962314236e-03
1.630923064053031e-03
1.451978914564191e-03
1.302631847566871e-03
1.156570106185040e-03
9.880686073469047e-04
8.256981886228015e-04
7.295088499361715e-04
6.907656197768104e-04
6.342087013980777e-04
5.317446428318433e-04
4.292504603249660e-04
3.638957694297357e-04
3.391183640538058e-04
3.453594442401159e-04
3.427390056720240e-04
2.962520122705607e-04
2.411234202471267e-04
2.306340973314681e-04
2.400586459699366e-04
2.041875022119804e-04
1.399872560736053e-04
1.353468784864238e-04
1.991526056634888e-04
2.314500983273223e-04
1.825706093092043e-04
1.224466171358134e-04
1.105804426172503e-04
1.240229335742660e-04
1.292747128867436e-04
1.260427815089125e-04
1.240399603475805e-04
1.247334342995743e-04
1.254257942804629e-04
1.253058806094368e-04
1.250836789560874e-04
1.250928784551439e-04
1.251598215349805e-04
1.251649121704157e-04
1.251459269266651e-04
1.251421598397227e-04
1.251472004038393e-04
1.251489545634066e-04
1.251477169001110e-04
1.251470285873044e-04
1.251473028221881e-04
1.251475443687178e-04
1.251474929534641e-04
1.251474183594359e-04
1.251474278996087e-04
1.251474382596461e-04
1.251474200706338e-04
1.251474507491652e-04
1.251475326290688e-04
1.251474445805529e-04
1.251471191281241e-04
1.251472875100325e-04
1.251484780225346e-04
1.251483801662522e-04
1.251442942768964e-04
1.251430098748034e-04
1.251562041094349e-04
1.251658987994747e-04
1.251260523101582e-04
1.250762675614531e-04
1.251870223559070e-04
1.254061008076628e-04
1.251319300059929e-04
1.242553794923555e-04
1.248124688671240e-04
1.280654455416031e-04
1.274821798848579e-04
1.161589576372704e-04
1.136628343835461e-04
1.524414198367686e-04
2.129216731994170e-04
2.295451060145142e-04
1.811877034677673e-04
1.098545893799868e-04
5.105606599403506e-05
1.691258940360868e-05
1.089967486202515e-05
1.747522250092161e-05
2.011061749118163e-05
1.853716309969047e-05
1.753502484516138e-05
1.786951814683623e-05
1.822512857152559e-05
1.817453982378450e-05
1.802741276170597e-05
1.799449209796603e-05
1.813538394990664e-05
1.831012924744316e-05
1.801704867363030e-05
1.729787278985596e-05
1.794471109208407e-05
2.069958908544906e-05
1.964300091550841e-05
9.771022778994025e-06
9.439638404957222e-06
4.521202797411414e-05
1.018879870127878e-04
1.346086666487030e-04
1.324896663032592e-04
1.234263513911343e-04
1.235203538135298e-04
1.250873726153191e-04
1.229512516184843e-04
1.249550376719851e-04
1.349326985135263e-04
1.300842938574776e-04
8.728366004602861e-05
3.182189446240689e-05
6.399809599908575e-06
1.198195057805097e-05
2.217467112648104e-05
2.305743006644470e-05
1.408221952395352e-05
5.699918598347330e-06
2.442879033447214e-05
7.799100491813074e-05
1.255112025292529e-04
1.336248261894452e-04
1.254941154799828e-04
1.304495617093140e-04
1.312196337988702e-04
9.672702514770144e-05
4.048635800427190e-05
1.885811380690078e-06
1.366048827915876e-07
3.520065332205015e-05
9.101339880972124e-05
1.301485907133130e-04
1.334699863693312e-04
1.248870746132625e-04
1.252743884583437e-04
1.257449095470635e-04
1.165314599453860e-04
1.185708198664359e-04
1.583168315526715e-04
2.146119394142580e-04
2.427852411504344e-04
2.383538958941357e-04
2.300956599786575e-04
2.308569674056966e-04
2.320305201715828e-04
2.298957510230146e-04
2.329443968889779e-04
2.426064864707301e-04
2.342880378668288e-04
1.883122633425954e-04
1.341395028714824e-04
1.114365128582225e-04
1.187636290983162e-04
1.345417965364530e-04
1.371794526217327e-04
1.061562312706933e-04
5.013075077786443e-05
1.096919106634631e-05
8.272544509528976e-06
1.931181618425724e-05
2.356942915359903e-05
1.841397919237605e-05
8.013072893491784e-06
1.313787919890352e-05
5.361018438133187e-05
1.090642474167650e-04
1.431232218602620e-04
1.407416110805472e-04
1.022270772079355e-04
4.645224987885721e-05
1.091418517464409e-05
9.843059805541740e-06
1.920295113698493e-05
2.062193532821153e-05
1.807189398034437e-05
1.733528180651118e-05
1.798221854787064e-05
1.829587409214397e-05
1.814527000865310e-05
1.799905453888066e-05
1.801978473018293e-05
1.817195767770068e-05
1.824531258970491e-05
1.788301214787959e-05
1.747162455770463e-05
1.846184899842482e-05
2.030058417313304e-05
1.781216641939151e-05
1.037584314301690e-05
1.561546444668340e-05
5.074944681778829e-05
1.077033932655093e-04
1.694252920004654e-04
2.188205889830219e-04
2.399226262317043e-04
2.368520639019056e-04
2.305509391412116e-04
2.308291080495770e-04
2.323787183336632e-04
2.319427441439614e-04
2.323626351057226e-04
2.347937876394308e-04
2.328030171196612e-04
2.231430683222742e-04
2.263777099004367e-04
2.655936192142350e-04
3.213940758103526e-04
3.548158454564779e-04
3.530001769010488e-04
3.233714630765877e-04
2.744131858879605e-04
2.152727669794287e-04
1.584886593697023e-04
1.226168162260818e-04
1.172390363452200e-04
1.248718863730349e-04
1.274241997608564e-04
1.255376165866105e-04
1.245283235789522e-04
1.249504601239006e-04
1.252979638688061e-04
1.252134585815353e-04
1.251353801182272e-04
1.251771856812923e-04
1.250940527384441e-04
1.249347770972184e-04
1.252510666165300e-04
1.259443727123453e-04
1.251569085504087e-04
1.224124141913467e-04
1.239391445885811e-04
1.340185836872494e-04
1.328667303958508e-04
9.484888969205492e-05
3.837164748287042e-05
7.910677142505517e-06
1.115937683221580e-05
2.027406887009534e-05
2.037795665616134e-05
1.771100695120010e-05
1.737902974181231e-05
1.809906937029307e-05
1.823837134806295e-05
1.808461122853755e-05
1.819898996361613e-05
1.820198751545318e-05
1.754657154942436e-05
1.740738734994229e-05
1.965536834009991e-05
2.100207332029641e-05
1.403110394734183e-05
6.560883502567199e-06
2.664262212892150e-05
8.055095240371383e-05
1.272610364275237e-04
1.357465915829480e-04
1.258928651670732e-04
1.227701304858617e-04
1.249511776446172e-04
1.238062500825197e-04
1.230345749756726e-04
1.312822154820984e-04
1.357161979284979e-04
1.075482036468615e-04
5.125352049651634e-05
1.150408661571417e-05
9.462100183150533e-06
1.867870092648059e-05
1.821511051600178e-05
1.782141939343687e-05
2.637881308160858e-05
2.306964297795320e-05
-1.597072360499711e-05
-7.178335500121636e-05
-1.071629278240897e-04
-1.055408332935341e-04
-6.594361324375022e-05
-8.871932536825977e-06
2.265458541135116e-05
1.779209038676392e-05
2.094869874052492e-05
6.270132243703976e-05
1.243539143565880e-04
1.824626152728007e-04
2.265375048720605e-04
2.493089748825294e-04
2.425345535948380e-04
2.000543489412579e-04
1.446201495965224e-04
1.160715816950461e-04
1.195271861750045e-04
1.259783919354626e-04
1.233544813027218e-04
1.270868917514224e-04
1.390101565519480e-04
1.241129734437175e-04
6.366390533187666e-05
1.864434281609040e-05
5.061302734690396e-05
1.133614591476153e-04
1.299479311856552e-04
1.190550686082973e-04
1.507766609240010e-04
2.139720298163607e-04
2.260867317929647e-04
1.695425531352432e-04
1.180454963877079e-04
1.147512598190111e-04
1.253957396835846e-04
1.211628083106653e-04
1.234050034608122e-04
1.575953075089829e-04
2.157153352411209e-04
2.786117596476873e-04
3.274719221203335e-04
3.452657195936808e-04
3.406661999803200e-04
3.422306419521269e-04
3.500893980018546e-04
3.290672043631400e-04
2.722962515109810e-04
2.302448708449150e-04
2.332976943584927e-04
2.336169960822339e-04
1.865864969635385e-04
1.318020321563873e-04
1.233632993422166e-04
1.318282491739656e-04
9.433726578586391e-05
3.242724435029186e-05
2.676109435332344e-05
8.535760919393979e-05
1.345335396284509e-04
1.368798389964113e-04
1.238009988160053e-04
1.215608392584313e-04
1.250850966577747e-04
1.261877386464150e-04
1.253067427043864e-04
1.248601754255138e-04
1.250604210592264e-04
1.252249682127494e-04
1.251874031252618e-04
1.251204141702774e-04
1.251151684659884e-04
1.251736045365066e-04
1.252271446906837e-04
1.251058894554003e-04
1.248720395966501e-04
1.251605809671553e-04
1.260918573396756e-04
1.255123295940034e-04
1.220635775281723e-04
1.226441704570388e-04
1.346287337472387e-04
1.373964124380913e-04
9.655458723390328e-05
3.457853345441503e-05
2.458754844760090e-05
8.057286213866315e-05
1.321512699824032e-04
1.367752503225536e-04
1.247188413162337e-04
1.243417369047029e-04
1.256523205546476e-04
1.166065856830141e-04
1.185918670887676e-04
1.590002682856455e-04
2.154009503019183e-04
2.413085826397160e-04
2.356373473959866e-04
2.340661096128281e-04
2.415288132214132e-04
2.232326411196529e-04
1.692506373736565e-04
1.223960602993764e-04
1.143124120018955e-04
1.245486510340883e-04
1.280717043189409e-04
1.256376545879424e-04
1.248977594025324e-04
1.254787766085790e-04
1.236070213363330e-04
1.224567403245779e-04
1.298203813417251e-04
1.364773932620526e-04
1.140674342661037e-04
5.933138129579248e-05
1.438988918553319e-05
7.633788789155345e-06
1.782631513009227e-05
2.109853635606000e-05
1.856370505182796e-05
1.726368248871275e-05
1.783587578657117e-05
1.825904099733866e-05
1.813246783111186e-05
1.812880632794462e-05
1.825961092215049e-05
1.785270793205248e-05
1.726429772977165e-05
1.850484684384451e-05
2.107554797671900e-05
1.800922711996503e-05
7.782536289111536e-06
1.387281348560242e-05
5.810289873835328e-05
1.131147990501321e-04
1.364464884580353e-04
1.301172941496719e-04
1.223833503351792e-04
1.233144293258215e-04
1.257689946386234e-04
1.258158256199514e-04
1.250034281688060e-04
1.247350116599141e-04
1.251842999764562e-04
1.259761424493630e-04
1.253913277161833e-04
1.225832129265766e-04
1.232796219701971e-04
1.330820435239329e-04
1.346303548034446e-04
1.003033004997375e-04
4.327787436139104e-05
1.028268477306088e-05
1.307215082263165e-05
1.736387178191241e-05
9.216089289394502e-06
2.072900104474884e-05
7.109063667261418e-05
1.225708436433404e-04
1.367800836479170e-04
1.274935745447490e-04
1.220072403908150e-04
1.240293242719254e-04
1.259428283549245e-04
1.255815222950076e-04
1.249630505152290e-04
1.249965910042098e-04
1.251841132289243e-04
1.251960729075906e-04
1.251425463540520e-04
1.251326589642089e-04
1.251469767690770e-04
1.251517032402908e-04
1.251481558632700e-04
1.251462738615716e-04
1.251470700281307e-04
1.251477407285313e-04
1.251475894524461e-04
1.251473680795739e-04
1.251473856714318e-04
1.251474566955882e-04
1.251474634808661e-04
1.251474349222037e-04
1.251474131119379e-04
