1.941218977465575e-02
1.875905773573550e-02
1.815912385413507e-02
1.761037006104929e-02
1.711077828767301e-02
1.665833046520105e-02
1.625100852482826e-02
1.588679439774946e-02
1.556367001515950e-02
1.527961730825320e-02
1.503261820822541e-02
1.482065464627095e-02
1.464170855358467e-02
1.449376186136140e-02
1.437479650079596e-02
1.428279440308321e-02
1.421573749941797e-02
1.417160772099509e-02
1.414838699900938e-02
1.414405726465569e-02
1.415660044912887e-02
1.418399848362372e-02
1.422423329933511e-02
1.427528682745786e-02
1.433514099918680e-02
1.440177774571677e-02
1.447317899824262e-02
1.454732668795915e-02
1.462220274606124e-02
1.469578910374369e-02
1.476606769220134e-02
1.483102044262904e-02
1.488862928622162e-02
1.493687615417391e-02
1.497386443051067e-02
1.500176202818447e-02
1.502766540151777e-02
1.505896727508522e-02
1.510306037346147e-02
1.516733742122119e-02
1.525919114293902e-02
1.538601426318963e-02
1.555519950654768e-02
1.577413959758781e-02
1.605022726088468e-02
1.639085522101296e-02
1.680341620254730e-02
1.729530293006236e-02
1.787390812813278e-02
1.854662452133324e-02
1.932084483423838e-02
2.020279303584456e-02
2.118366513458456e-02
2.224423035633655e-02
2.336504812601298e-02
2.452667786852628e-02
2.570967900878888e-02
2.689461097171322e-02
2.806203318221175e-02
2.919250506519690e-02
3.026658604558110e-02
3.126483554827678e-02
3.216781299819640e-02
3.295607782025239e-02
3.361018943935717e-02
3.411070728042320e-02
3.443819076836289e-02
3.457319932808870e-02
3.450064778601087e-02
3.423272350155197e-02
3.379214787916077e-02
3.320166490251085e-02
3.248401855527578e-02
3.166195282112912e-02
3.075821168374445e-02
2.979553912679534e-02
2.879667913395534e-02
2.778437568889803e-02
2.678137277529696e-02
2.581041437682572e-02
2.489424447715788e-02
2.405560705996698e-02
2.331724610892661e-02
2.270190560771033e-02
2.223232754444980e-02
2.192269941289396e-02
2.175907742497229e-02
2.172174373826896e-02
2.179098051036813e-02
2.194706989885399e-02
2.217029406131069e-02
2.244093515532241e-02
2.273927533847331e-02
2.304559676834757e-02
2.334018160252935e-02
2.360331199860281e-02
2.381527011415214e-02
2.395633810676149e-02
2.400679813401504e-02
2.394693235349696e-02
2.375702292279141e-02
2.341750336832542e-02
2.292282277301914e-02
2.229259881096830e-02
2.154907371148171e-02
2.071448970386821e-02
1.981108901743662e-02
1.886111388149575e-02
1.788680652535445e-02
1.691040917832152e-02
1.595416406970578e-02
1.504031342881607e-02
1.419109948496121e-02
1.342876446745003e-02
1.277555060559133e-02
1.225370012869394e-02
1.188545526606670e-02
1.169305824701842e-02
1.169772887593717e-02
1.189624031809764e-02
1.226039048877289e-02
1.276084914097019e-02
1.336828602769679e-02
1.405337090195996e-02
1.478677351676696e-02
1.553916362512503e-02
1.628121098004146e-02
1.698358533452348e-02
1.761695644157837e-02
1.815199405421338e-02
1.855936792543577e-02
1.880974780825281e-02
1.887380345567175e-02
1.872220462069984e-02
1.832562105634437e-02
1.765843460518074e-02
1.673269813228637e-02
1.558239557708936e-02
1.424178319187394e-02
1.274511722892431e-02
1.112665394052469e-02
9.420649578959295e-03
7.661360396512340e-03
5.883042645468040e-03
4.119952578110607e-03
2.406346446724264e-03
7.764805035932126e-04
-7.353889989983205e-04
-2.095005808766124e-03
-3.268113673425988e-03
-4.220456340693688e-03
-4.917777558285017e-03
-5.333174558860713e-03
-5.477393501449096e-03
-5.373197344592198e-03
-5.043354279599823e-03
-4.510632497781810e-03
-3.797800190447955e-03
-2.927625548908092e-03
-1.922876764472021e-03
-8.063220284495892e-04
3.992704678494195e-04
1.671132533115168e-03
2.986495976037834e-03
4.322592605307617e-03
5.656654229614689e-03
6.965912657649236e-03
8.227599698101435e-03
9.418956724013480e-03
1.052332304642864e-02
1.154058798615196e-02
1.247342166139599e-02
1.332449419037328e-02
1.409647569129639e-02
1.479203628237787e-02
1.541384608183026e-02
1.596457520786614e-02
1.644689377869804e-02
1.686347191253853e-02
1.721697972760015e-02
1.751008734209546e-02
1.774546487423700e-02
1.792578244223735e-02
1.805371016430904e-02
1.813191815866463e-02
1.816310495227645e-02
1.815154678074352e-02
1.810389506854460e-02
1.802699756081044e-02
1.792770200267177e-02
1.781285613925932e-02
1.768930771570384e-02
1.756390447713605e-02
1.744349416868668e-02
1.733492453548649e-02
1.724504332266619e-02
1.718069827535652e-02
1.714873713868822e-02
1.715600765779202e-02
1.720935757779866e-02
1.731563464383886e-02
1.748168660104338e-02
1.771397316226033e-02
1.801204163023145e-02
1.836948866473216e-02
1.877971660114342e-02
1.923612777484616e-02
1.973212452122137e-02
2.026110917564999e-02
2.081648407351299e-02
2.139165155019132e-02
2.198001394106593e-02
2.257497358151780e-02
2.316993280692787e-02
2.375829395267710e-02
2.433345935414645e-02
2.488883134671688e-02
2.541781226576935e-02
2.591380444668482e-02
2.637127241972017e-02
2.679331992180652e-02
2.718725460969611e-02
2.756041221510247e-02
2.792012846973910e-02
2.827373910531952e-02
2.862857985355723e-02
2.899198644616575e-02
2.937129461485860e-02
2.977384009134928e-02
3.020695860735131e-02
3.067798589457820e-02
3.119425768474347e-02
3.176310970956062e-02
3.239187770074317e-02
3.308789739000464e-02
3.385850450905853e-02
3.471111178883252e-02
3.565345547669416e-02
3.669335677254044e-02
3.783863687662423e-02
3.909711698919834e-02
4.047661831051562e-02
4.198496204082895e-02
4.362996938039115e-02
4.541946152945509e-02
4.736125968827357e-02
4.946318505709948e-02
5.173305883618567e-02
5.417870222578496e-02
5.680793642615022e-02
5.962858263753428e-02
6.264846206018998e-02
6.587535600759914e-02
6.930822488290275e-02
7.292616617523166e-02
7.670556130953259e-02
8.062279171075229e-02
8.465423880383750e-02
8.877628401373495e-02
9.296530876539146e-02
9.719769448375366e-02
1.014498225937684e-01
1.056980745203824e-01
1.099188316885423e-01
1.140884755231950e-01
1.181833874492871e-01
1.221799488917655e-01
1.260545412755769e-01
1.297835460256679e-01
1.333434850605511e-01
1.367160373460275e-01
1.398894099380529e-01
1.428522293809789e-01
1.455931222191574e-01
1.481007149969401e-01
1.503636342586787e-01
1.523705065487249e-01
1.541099584114307e-01
1.555706163911477e-01
1.567411070322277e-01
1.576100568790224e-01
1.581660924758835e-01
1.583978403671630e-01
1.582939270972124e-01
1.578429792103836e-01
1.570336232510283e-01
1.558593016193758e-01
1.543793550928385e-01
1.527008758896800e-01
1.509320242434770e-01
1.491809603878060e-01
1.475558445562437e-01
1.461648369823669e-01
1.451160978997521e-01
1.445177875419761e-01
1.444780661426155e-01
1.451050939352471e-01
1.465070311534473e-01
1.487920380307930e-01
1.520682748008607e-01
1.564439016972272e-01
1.620270789534692e-01
1.689259668031632e-01
1.772412119033061e-01
1.870239378218890e-01
1.983052220863273e-01
2.111160855831324e-01
2.254875491988160e-01
2.414506338198892e-01
2.590363603328636e-01
2.782757496242508e-01
2.991998225805622e-01
3.218396000883090e-01
3.462261030340029e-01
3.723903523041553e-01
4.003633687852776e-01
4.301761733638813e-01
4.618597869264779e-01
4.954452303595789e-01
5.309635133922603e-01
5.683374452965516e-01
6.071162748170952e-01
6.467686909935143e-01
6.867633828654315e-01
7.265690394724694e-01
7.656543498542513e-01
8.034880030503998e-01
8.395386881005378e-01
8.732750940442879e-01
9.041659099212731e-01
9.316798247711163e-01
9.552855276334403e-01
9.744517075478679e-01
9.886470535540217e-01
9.973402546915250e-01
1.000000000000000e+00
9.960983962151443e-01
9.854748305622001e-01
9.686583844661676e-01
9.462541810304050e-01
9.188673433582704e-01
8.871029945531215e-01
8.515662577183164e-01
8.128622559572136e-01
7.715961123731705e-01
7.283729500695455e-01
6.837978921496966e-01
6.384760617169818e-01
5.930125818747592e-01
5.480125757263867e-01
5.040811663752225e-01
4.618234769246243e-01
4.218446304779506e-01
3.847359077194922e-01
3.507302133335130e-01
3.196783356226366e-01
2.914124662694668e-01
2.657647969566068e-01
2.425675193666601e-01
2.216528251822300e-01
2.028529060859200e-01
1.859999537603335e-01
1.709261598880739e-01
1.574637161517445e-01
1.454448142339489e-01
1.347016458172904e-01
1.250664025843724e-01
1.163712762177983e-01
1.084484584001716e-01
1.011301408140956e-01
9.425683021906936e-02
8.775841550078053e-02
8.161917257479812e-02
7.582414726168760e-02
7.035838538201442e-02
6.520693275634407e-02
6.035483520524199e-02
5.578713854927367e-02
5.148888860900456e-02
4.744513120500014e-02
4.364091215782588e-02
4.006127728804724e-02
3.669127241622967e-02
3.351594336293866e-02
3.052033594873968e-02
2.768949599419817e-02
2.500846931987963e-02
2.246417812410059e-02
2.005364279173287e-02
1.777726590892421e-02
1.563545249762421e-02
1.362860757978251e-02
1.175713617734873e-02
1.002144331227250e-02
8.421934006503437e-03
6.959013281991180e-03
5.633086160685348e-03
4.444557664535571e-03
3.393832815491466e-03
2.481316635502665e-03
1.707414146518792e-03
1.072530370489475e-03
5.770703293643427e-04
2.214352399719223e-04
2.552015632317468e-06
-9.254132191657909e-05
-7.855443742080043e-05
2.980300437361235e-05
2.178213387206182e-04
4.707909008741760e-04
7.740020260882328e-04
1.112745049616771e-03
1.472310306713743e-03
1.837988132633102e-03
2.195068862628807e-03
2.528842831954827e-03
2.824600375865115e-03
3.067631829613630e-03
3.243227528454340e-03
3.336677807641195e-03
3.333433267830911e-03
3.228950168556930e-03
3.034421888434603e-03
2.762422581670556e-03
2.425526402471392e-03
2.036307505043732e-03
1.607340043594177e-03
1.151198172329352e-03
6.804560454558618e-04
2.076878171803220e-04
-2.545323582906543e-04
-6.936303267504585e-04
-1.097031933992474e-03
-1.452163025810100e-03
-1.746449447996708e-03
-1.967317046345686e-03
-2.102191666650432e-03
-2.139139631972016e-03
-2.078467738840449e-03
-1.931481287223487e-03
-1.709876768705249e-03
-1.425350674869857e-03
-1.089599497301437e-03
-7.143197275841034e-04
-3.112078573019792e-04
1.080396219608252e-04
5.317262186201756e-04
9.481554410919614e-04
1.345630797792056e-03
1.712455797136337e-03
2.036933947540699e-03
2.307368757421006e-03
2.512063735193144e-03
2.639322389272995e-03
2.679229894043412e-03
2.637168662153231e-03
2.526309480066759e-03
2.359884918384226e-03
2.151127547705859e-03
1.913269938631881e-03
1.659544661762532e-03
1.403184287698023e-03
1.157421387038587e-03
9.354885303844510e-04
7.506182883358383e-04
6.160432314929889e-04
5.449959304561263e-04
5.507089558254662e-04
6.464148782012403e-04
8.453462681836803e-04
1.160735696373018e-03
1.601590997667878e-03
2.158273535484073e-03
2.816001920667516e-03
3.559994599584019e-03
4.375470018599368e-03
5.247646624079360e-03
6.161742862389796e-03
7.102977179896476e-03
8.056568022965187e-03
9.007733837961733e-03
9.941693071251905e-03
1.084366416920151e-02
1.169886557817633e-02
1.249251574454218e-02
1.320983311466484e-02
1.383603613491011e-02
1.435636386381615e-02
1.476175165866472e-02
1.505656709492320e-02
1.524711282421118e-02
1.533969149814826e-02
1.534060576835406e-02
1.525615828644816e-02
1.509265170405018e-02
1.485638867277971e-02
1.455367184425635e-02
1.419080387009971e-02
1.377408740192939e-02
1.330982509136498e-02
1.280431959002610e-02
1.226387354953234e-02
1.169478962150331e-02
1.110337045755860e-02
1.049588696584333e-02
9.877326853122169e-03
9.250981882970908e-03
8.620027509311566e-03
7.987639186066152e-03
7.356992367156673e-03
6.731262506505146e-03
6.113625058033574e-03
5.507255475663971e-03
4.915329213318348e-03
4.341021724918709e-03
3.787508464387072e-03
3.257964885645438e-03
2.755566442615830e-03
2.283488589220249e-03
1.844906779380706e-03
1.442996467019211e-03
1.080809780855059e-03
7.596005015086663e-04
4.792616700909286e-04
2.396526629870532e-04
4.063285658227181e-05
-1.179383727382120e-04
-2.362016485891626e-04
-3.142975945853804e-04
-3.523668343416457e-04
-3.505499914727391e-04
-3.089876895934327e-04
-2.278205523185272e-04
-1.071892032627988e-04
5.276573395897212e-05
2.519036357320091e-04
4.900838784415157e-04
7.671658384727156e-04
1.083027792390380e-03
1.437679217694223e-03
1.831185233657491e-03
2.263611160938904e-03
2.735022320197174e-03
3.245484032091015e-03
3.795061617279144e-03
4.383820396420274e-03
5.011825690173125e-03
5.679142819196407e-03
6.385837104148836e-03
7.131973865689132e-03
7.917618424476001e-03
8.742836101168171e-03
9.607692216424343e-03
1.051225209090324e-02
1.145658098952411e-02
1.243900340504413e-02
1.345153242608721e-02
1.448475122105684e-02
1.552924295835650e-02
1.657559080638968e-02
1.761437793355985e-02
1.863618750827050e-02
1.963160269892510e-02
2.059120667392714e-02
2.150558260168010e-02
2.236531365058747e-02
2.316098298905271e-02
2.388317378547932e-02
2.452246920827077e-02
2.506945242583054e-02
2.551470660656213e-02
2.584886025536843e-02
2.606825779186809e-02
2.618047081047134e-02
2.619437859948421e-02
2.611886044721268e-02
2.596279564196277e-02
2.573506347204048e-02
2.544454322575181e-02
2.510011419140276e-02
2.471065565729935e-02
2.428504691174758e-02
2.383216724305344e-02
2.336089593952296e-02
2.288011228946211e-02
2.239869558117693e-02
2.192552510297339e-02
2.146948014315753e-02
2.103927847798467e-02
2.063909647640864e-02
2.026805603013024e-02
1.992501453612616e-02
1.960882939137310e-02
1.931835799284776e-02
1.905245773752682e-02
1.880998602238699e-02
1.858980024440495e-02
1.839075780055741e-02
1.821171608782105e-02
1.805153250317257e-02
1.790906444358866e-02
1.778316930604603e-02
1.767270448752136e-02
1.757652738499135e-02
1.749349539543269e-02
1.742250407663945e-02
1.736288389633490e-02
1.731424182826492e-02
1.727618927467943e-02
1.724833763782838e-02
1.723029831996169e-02
1.722168272332929e-02
1.722210225018114e-02
1.723116830276714e-02
1.724849228333724e-02
1.727368559414137e-02
1.730635963742947e-02
1.734612581545147e-02
1.739259553045729e-02
1.744538018469688e-02
1.750409118042017e-02
1.756833991987709e-02
1.763759641792531e-02
1.771053063480435e-02
1.778553142913331e-02
1.786098735152825e-02
1.793528695260524e-02
1.800681878298037e-02
1.807397139326969e-02
1.813513333408929e-02
1.818869315605524e-02
1.823303940978360e-02
1.826656064589044e-02
1.828764541499185e-02
1.829468226770389e-02
1.828605975464264e-02
1.826016642642416e-02
1.821539083366453e-02
1.815012189671943e-02
1.806326215457619e-02
1.795524771905148e-02
1.782679967370827e-02
1.767863910210957e-02
1.751148708781836e-02
1.732606471439765e-02
1.712309306541041e-02
1.690329322441965e-02
1.666738627498835e-02
1.641609330067951e-02
1.615013538505613e-02
1.587023361168119e-02
1.557710906411768e-02
1.527148282592861e-02
1.495407598067696e-02
1.462560961192573e-02
1.428682692320599e-02
1.394003354111524e-02
1.359010275935895e-02
1.324214672656829e-02
1.290127759137448e-02
1.257260750240869e-02
1.226124860830211e-02
1.197231305768594e-02
1.171091299919137e-02
1.148216058144959e-02
1.129116795309180e-02
1.114304726274917e-02
1.104291065905292e-02
1.099587029063422e-02
1.100703830612427e-02
1.108152685415426e-02
1.122444808335537e-02
1.144059462837085e-02
1.172819425474806e-02
1.207931793560683e-02
1.248579885080188e-02
1.293947018018791e-02
1.343216510361966e-02
1.395571680095182e-02
1.450195845203913e-02
1.506272323673630e-02
1.562984433489803e-02
1.619515492637904e-02
1.675048819103406e-02
1.728767730871780e-02
1.779855545928496e-02
1.827495582259028e-02
1.870871157848846e-02
1.909165590683422e-02
1.941669669541732e-02
1.968648988802980e-02
1.990888274709473e-02
2.009177084942202e-02
2.024304977182160e-02
2.037061509110340e-02
2.048236238407736e-02
2.058618722755340e-02
2.068998519834143e-02
2.080165187325140e-02
2.092908282909323e-02
2.108017364267684e-02
2.126281989081216e-02
2.148491715030913e-02
2.175436099797766e-02
2.207904701062769e-02
2.246687076506913e-02
2.292426724732778e-02
2.345089827415762e-02
2.404446374783014e-02
2.470266336812551e-02
2.542319683482393e-02
2.620376384770559e-02
2.704206410655068e-02
2.793579731113937e-02
2.888266316125185e-02
2.988036135666832e-02
3.092659159716896e-02
3.201905358253396e-02
3.315544701254352e-02
3.433347158697780e-02
3.555082700561699e-02
3.680521296824132e-02
3.809441747228646e-02
3.944747184575999e-02
4.097059017154610e-02
4.278169611571175e-02
4.499871334432386e-02
4.773956552344941e-02
5.112217631915530e-02
5.526446939750849e-02
6.028436842457594e-02
6.629979706642458e-02
7.342867898912135e-02
8.178893785873319e-02
9.149849734132703e-02
1.026752811029699e-01
1.154372128097286e-01
1.299022161276702e-01
1.461882147228616e-01
1.644095797764062e-01
1.845218328471172e-01
2.062612688718956e-01
2.293481606879600e-01
2.535027811325290e-01
2.784454030428210e-01
3.038962992560543e-01
3.295757426094478e-01
3.552040059402197e-01
3.805013620855885e-01
4.051880838827728e-01
4.289844441689910e-01
4.516107157814616e-01
4.727871715574032e-01
4.922340843340341e-01
5.096717269485729e-01
5.248203722382382e-01
5.374134448958457e-01
5.473890516348359e-01
5.548469998953885e-01
5.598915027192936e-01
5.626267731483396e-01
5.631570242243163e-01
5.615864689890133e-01
5.580193204842194e-01
5.525597917517242e-01
5.453120958333171e-01
5.363804457707870e-01
5.258690546059241e-01
5.138821353805172e-01
5.005239011363555e-01
4.858985649152285e-01
4.701103397589255e-01
4.532634387092360e-01
4.354652934621797e-01
4.168468731212353e-01
3.975495991110162e-01
3.777149401116795e-01
3.574843648033821e-01
3.369993418662811e-01
3.164013399805331e-01
2.958318278262950e-01
2.754322740837239e-01
2.553441474329767e-01
2.357089165542102e-01
2.166680501275813e-01
1.983630168332469e-01
1.809352853513640e-01
1.645263243620893e-01
1.492776025455799e-01
1.353305884134847e-01
1.227866303363288e-01
1.115942977739491e-01
1.016657993186059e-01
9.291334356255908e-02
8.524913909806889e-02
7.858539451739537e-02
7.283431841279867e-02
6.790811937653884e-02
6.371900600087606e-02
6.017918687807035e-02
5.720087060038187e-02
5.469626576007071e-02
5.257758094939695e-02
5.075702476062073e-02
4.914680578600214e-02
4.765913261780128e-02
4.620641369467251e-02
4.473098785449351e-02
4.323670489142694e-02
4.173497782675372e-02
4.023721968175472e-02
3.875484347771082e-02
3.729926223590292e-02
3.588188897761192e-02
3.451413672411868e-02
3.320741849670412e-02
3.197314731664912e-02
3.082273620523457e-02
2.976759818374135e-02
2.881914627345036e-02
2.798879349564247e-02
2.728795287159860e-02
2.672803742259961e-02
2.632005837861165e-02
2.606272122260217e-02
2.594043563682465e-02
2.593680869586529e-02
2.603544747431032e-02
2.621995904674593e-02
2.647395048775835e-02
2.678102887193376e-02
2.712480127385839e-02
2.748887476811844e-02
2.785685642930012e-02
2.821235333198964e-02
2.853897255077320e-02
2.882032116023702e-02
2.904000623496730e-02
2.918163484955025e-02
2.922881407857208e-02
2.916655038270488e-02
2.899677992587484e-02
2.873268396989816e-02
2.838764624170988e-02
2.797505046824499e-02
2.750828037643853e-02
2.700071969322549e-02
2.646575214554090e-02
2.591676146031978e-02
2.536713136449712e-02
2.483024558500797e-02
2.431948784878732e-02
2.384824188277020e-02
2.342989141389161e-02
2.307782016908658e-02
2.280541187529011e-02
2.262605025943723e-02
2.255047046596170e-02
2.257364446774977e-02
2.268473619945028e-02
2.287290048589061e-02
2.312729215189814e-02
2.343706602230023e-02
2.379137692192428e-02
2.417937967559764e-02
2.459022910814770e-02
2.501308004440183e-02
2.543708730918740e-02
2.585140572733180e-02
2.624519012366239e-02
2.660759532300656e-02
2.692777615019168e-02
2.719488743004511e-02
2.739808554746465e-02
2.753011127915726e-02
2.759493586988993e-02
2.759872416537327e-02
2.754764101131789e-02
2.744785125343443e-02
2.730551973743349e-02
2.712681130902571e-02
2.691789081392169e-02
2.668492309783206e-02
2.643407300646745e-02
2.617150538553846e-02
2.590338508075573e-02
2.563587693782986e-02
2.537514580247148e-02
2.512735652039121e-02
2.489867393729967e-02
2.469521523045295e-02
2.451925898906033e-02
2.436649051238576e-02
2.423194543160605e-02
2.411065937789797e-02
2.399766798243829e-02
2.388800687640381e-02
2.377671169097130e-02
2.365881805731754e-02
2.352936160661932e-02
2.338337797005341e-02
2.321590277879659e-02
2.302197166402565e-02
2.279662025691737e-02
2.253488418864852e-02
2.223179909039589e-02
2.188240059333626e-02
2.148213117646895e-02
2.103544021666431e-02
2.055559341109455e-02
2.005622518377564e-02
1.955096995872356e-02
1.905346215995429e-02
1.857733621148382e-02
1.813622653732814e-02
1.774376756150321e-02
1.741359370802503e-02
1.715933940090958e-02
1.699463906417283e-02
1.693312712183077e-02
1.698843799789939e-02
1.717420611639466e-02
1.750406590133257e-02
1.799165177672910e-02
1.864814635437940e-02
1.946121890354442e-02
2.040544431663472e-02
2.145525604599063e-02
2.258508754395245e-02
2.376937226286052e-02
2.498254365505515e-02
2.619903517287665e-02
2.739328026866536e-02
2.853971239476158e-02
2.961276500350563e-02
3.058687154723784e-02
3.143646547829852e-02
3.213598024902800e-02
3.265984931176658e-02
3.298250611885459e-02
3.307838412263235e-02
3.292927189773875e-02
3.255279551193772e-02
3.197747988502634e-02
3.123185248247490e-02
3.034444076975370e-02
2.934377221233307e-02
2.825837427568330e-02
2.711677442527470e-02
2.594750012657758e-02
2.477907884506225e-02
2.364003804619901e-02
2.255890519545816e-02
2.156420775831002e-02
2.068447320022490e-02
1.994822898667310e-02
1.938400258312492e-02
1.902029638992360e-02
1.887392186127614e-02
1.893142390355427e-02
1.917451408617225e-02
1.958490397854435e-02
2.014430515008482e-02
2.083442917020793e-02
2.163698760832794e-02
2.253369203385911e-02
2.350625401621571e-02
2.453638512481200e-02
2.560579692906223e-02
2.669620099838068e-02
2.778930890218161e-02
2.886683220987927e-02
2.991048249088793e-02
3.090197131462185e-02
3.182316392388735e-02
3.266356327171555e-02
3.342368064536973e-02
3.410488349730267e-02
3.470853927996714e-02
3.523601544581591e-02
3.568867944730177e-02
3.606789873687748e-02
3.637504076699582e-02
3.661147299010957e-02
3.677856285867150e-02
3.687767782513438e-02
3.691018534195099e-02
3.687745286157413e-02
3.678084783645653e-02
3.662173771905100e-02
3.640148996181030e-02
3.612161381928785e-02
3.578597711582900e-02
3.540039258643165e-02
3.497073107074235e-02
3.450286340840761e-02
3.400266043907400e-02
3.347599300238801e-02
3.292873193799619e-02
3.236674808554507e-02
3.179591228468118e-02
3.122209537505106e-02
3.065116819630122e-02
3.008900158807821e-02
2.954146639002855e-02
2.901443344179878e-02
2.851377358303543e-02
2.804535765338503e-02
2.761505649249410e-02
2.722874094000918e-02
2.689228183557681e-02
2.661155001884351e-02
2.639241632945582e-02
2.624075160706025e-02
2.616242669130336e-02
2.616331242183166e-02
2.624927963829170e-02
2.642619918032999e-02
2.669994188759307e-02
2.707637859972748e-02
2.756138015637974e-02
2.816081739719639e-02
2.888056116182395e-02
2.972648228990896e-02
