8.403964825423752e-04
1.607799032026949e-03
2.231786024683304e-03
2.733181006251915e-03
3.132807522473259e-03
3.451467995158825e-03
3.682296985621746e-03
3.736332807446936e-03
3.524767060870821e-03
3.147473707171681e-03
2.830759136852011e-03
2.680898612263783e-03
2.531810723477330e-03
2.208694939670048e-03
1.779653261470182e-03
1.436734373704135e-03
1.318549683846951e-03
1.471761520127443e-03
1.889048706391698e-03
2.279854463729930e-03
2.252627003781338e-03
1.748188913962345e-03
1.137268710290168e-03
7.650747717981123e-04
7.272687657405475e-04
1.041271814691044e-03
1.582363549532651e-03
2.084582210920888e-03
2.352383134691034e-03
2.451612880127177e-03
2.501759099205765e-03
2.590532016113895e-03
2.781169172534237e-03
3.054072216958112e-03
3.180141425572441e-03
2.931119265006069e-03
2.422847904180586e-03
1.971124715718855e-03
1.751947943373025e-03
1.667597792294128e-03
1.612562575256932e-03
1.651301541438390e-03
1.921051518771539e-03
2.424851837206588e-03
2.968414811394065e-03
3.344497685291103e-03
3.360666973053363e-03
2.841295713585649e-03
1.952670169287293e-03
1.246060173667301e-03
1.122913528507075e-03
1.312948174780156e-03
1.400856008001258e-03
1.340427350125444e-03
1.405076423674608e-03
1.782384305525832e-03
2.377850832180277e-03
3.040509990559948e-03
3.557097993352917e-03
3.673560352931976e-03
3.256670437896036e-03
2.440127863818604e-03
1.402496612431699e-03
4.026140063694386e-04
-2.616371061938372e-04
-4.108169793862925e-04
-6.344559907390198e-05
7.255140598951905e-04
1.791748041805853e-03
2.926859361602749e-03
3.835364199709194e-03
4.110729671099614e-03
3.517542435803343e-03
2.632267252415161e-03
2.235346611544778e-03
2.508385097156161e-03
3.045244289356922e-03
3.472796011571196e-03
3.612352387858651e-03
3.341042274446230e-03
2.752480078853145e-03
2.103459360850594e-03
1.597389555576221e-03
1.293416035750176e-03
1.228292548330881e-03
1.437915441821013e-03
1.956752712019799e-03
2.715151436156096e-03
3.445840762460601e-03
3.885548266992688e-03
3.958479916685870e-03
3.672980658715754e-03
3.144256046259974e-03
2.641769843642112e-03
2.392665953649404e-03
2.337895151624212e-03
2.327147894798237e-03
2.280912578811182e-03
2.198465247904948e-03
2.096997261164011e-03
2.047333258165336e-03
2.122590540024774e-03
2.206580039074700e-03
2.021339144346711e-03
1.447808882091367e-03
8.405048710064604e-04
6.055754857089208e-04
7.532250488553164e-04
1.034249314997186e-03
1.275016771204122e-03
1.475436677824242e-03
1.652192799894558e-03
1.772220656807386e-03
1.778375517983519e-03
1.669156461999266e-03
1.534933243931438e-03
1.457684788872717e-03
1.416095224082497e-03
1.351008480252676e-03
1.241871714095144e-03
1.116877899827139e-03
1.025954701443495e-03
1.102596000011450e-03
1.489199187095510e-03
2.012094754905996e-03
2.191292804049417e-03
1.728810995245914e-03
9.730356419400513e-04
3.902319634796048e-04
2.164506390510712e-04
5.158684941343182e-04
1.217124895935395e-03
1.922968016426179e-03
2.230708819877617e-03
2.173971595082175e-03
2.033836259317320e-03
1.974985240641245e-03
1.938630582328403e-03
1.853228738982362e-03
1.730871766192698e-03
1.618927915781925e-03
1.524736229265140e-03
1.398190247845096e-03
1.199185299278874e-03
9.623859120488447e-04
7.453956943456415e-04
5.723889871947182e-04
4.308154867090904e-04
3.278552979081005e-04
3.534878902250359e-04
6.098036312441042e-04
1.065526006099792e-03
1.576731942470292e-03
2.012733858628845e-03
2.290578956254386e-03
2.347650151312976e-03
2.260499352686789e-03
2.195314046380278e-03
2.225322571695998e-03
2.221780233883134e-03
2.050326737917299e-03
1.745202739946909e-03
1.423865384105399e-03
1.207393774366421e-03
1.221799498450541e-03
1.548347538602430e-03
1.996939834991822e-03
2.280646974099567e-03
2.252977549199150e-03
1.942449759292988e-03
1.410982264866759e-03
8.197628170817016e-04
3.526772286708906e-04
9.270440255101930e-05
2.623016414156338e-05
1.489566819450919e-04
4.997924626874457e-04
1.111287887580264e-03
1.803522797515010e-03
2.240694042723238e-03
2.225479175183784e-03
1.908118904012113e-03
1.480350173567533e-03
1.030456672865869e-03
5.884900616131439e-04
1.783276463267553e-04
-1.863714681798448e-04
-4.862834165263581e-04
-6.548688347821515e-04
-6.073507323596016e-04
-3.471951572625735e-04
-2.567992752218588e-06
3.164632496477837e-04
6.404544350796454e-04
1.041606612081278e-03
1.507662690174895e-03
1.934744615969638e-03
2.218486727946617e-03
2.270019770512716e-03
2.013750951835232e-03
1.537037303778284e-03
1.063133098139122e-03
7.811203117747720e-04
7.725042105934945e-04
1.086834075629488e-03
1.621670712347277e-03
2.177448221502604e-03
2.569589204519232e-03
2.648475000572333e-03
2.309978405349032e-03
1.784096298399855e-03
1.460478853240551e-03
1.531604900574496e-03
1.871974680172027e-03
2.338414194063666e-03
2.852620679723195e-03
3.359080134842563e-03
3.768592194022183e-03
3.950505886437958e-03
3.808246665122974e-03
3.404911121205955e-03
2.845079019762472e-03
2.191208113944211e-03
1.465940581670395e-03
7.163791901980285e-04
7.364747242188672e-05
-3.247192098502071e-04
-4.855734479173141e-04
-5.205293232413869e-04
-5.050948389300396e-04
-4.219654372532810e-04
-2.531541809068748e-04
-1.051865831781394e-04
-1.519543424924299e-04
-3.970748216044095e-04
-5.320424647011949e-04
-2.801846524179966e-04
1.883181326254544e-04
5.194670600220592e-04
5.383290555614455e-04
3.205297842788091e-04
-2.536651954572268e-05
-3.184944297389974e-04
-3.631861291684283e-04
-1.703318301643504e-04
2.792249044186522e-05
8.021939371753041e-05
1.764071432801901e-04
5.701730417322700e-04
1.256843691703375e-03
2.018952931963476e-03
2.676175665214949e-03
3.168541290759388e-03
3.464053863523080e-03
3.613480061359126e-03
3.719264609880081e-03
3.791003887250655e-03
3.643300742230996e-03
3.109613673010647e-03
2.369476770283162e-03
1.765985703509048e-03
1.471458280852516e-03
1.386123262954336e-03
1.385574970151208e-03
1.342236680187776e-03
1.132266634860244e-03
7.955170877815114e-04
5.705381895390836e-04
6.454130422789493e-04
9.398924884883768e-04
1.303288423377176e-03
1.618310162388586e-03
1.798864837977084e-03
1.799224364498345e-03
1.698361418907794e-03
1.598141196674023e-03
1.575247361434658e-03
1.688038501622586e-03
1.918361717473391e-03
2.066881433001058e-03
1.940947255893467e-03
1.658583089747184e-03
1.506440925342710e-03
1.623707998286391e-03
1.880752014578387e-03
2.125010462306559e-03
2.239224992355193e-03
2.123811365989639e-03
1.814417428783187e-03
1.532800817306986e-03
1.452442074034385e-03
1.439874206138452e-03
1.275026030273523e-03
9.537475954447004e-04
7.003186838116419e-04
6.585565216547824e-04
6.367134238217930e-04
3.821875699355583e-04
-9.520760457609960e-05
-5.721672841597558e-04
-8.303823778662240e-04
-6.821035458371381e-04
2.162945052894027e-05
1.056450099918702e-03
1.966356378918745e-03
2.463192618444235e-03
2.610855368685624e-03
2.510566552882290e-03
2.216702575255018e-03
1.762489451174884e-03
1.245968622772754e-03
8.667149253921251e-04
7.866802868679890e-04
9.009506977154630e-04
1.013407085154012e-03
1.055241484165407e-03
1.110402564735380e-03
1.238950629681596e-03
1.361532051630248e-03
1.368532929280118e-03
1.283156249652560e-03
1.251061230994049e-03
1.393915185015741e-03
1.743703338828740e-03
2.303192793454303e-03
2.920659422402026e-03
3.335431539607534e-03
3.412183650522793e-03
3.315398671231211e-03
3.230963212600978e-03
3.145151777889515e-03
2.937387014630965e-03
2.585376267329101e-03
2.243492655997552e-03
2.055801729448691e-03
1.976387855877782e-03
1.883237390145033e-03
1.722357365994861e-03
1.532536949294087e-03
1.352725503867731e-03
1.190200707559264e-03
1.041939749801392e-03
8.892444213962837e-04
6.970435296171946e-04
4.629019715316829e-04
3.052557717535842e-04
3.597687782761239e-04
6.007628020293212e-04
8.730541930447752e-04
1.094161318446367e-03
1.387189399304962e-03
1.887819412404622e-03
2.495207370543529e-03
2.963337279704127e-03
3.104468639719629e-03
2.853314727983581e-03
2.195271287489312e-03
1.394285385486250e-03
8.409038251833570e-04
7.060072182503388e-04
8.202756795227163e-04
1.003019324644304e-03
1.173892680596664e-03
1.290591846464662e-03
1.399201060711027e-03
1.650393884905897e-03
2.127283154844940e-03
2.605561624387290e-03
2.795803602495606e-03
2.704074598959379e-03
2.605475674915276e-03
2.699843785448222e-03
2.923664110262218e-03
3.163024522744046e-03
3.309186325954825e-03
3.257421122229506e-03
3.002366788946485e-03
2.768709338576924e-03
2.775572988019114e-03
2.895916781754193e-03
2.820455779155886e-03
2.457224174190790e-03
2.098772988917404e-03
2.037366408416969e-03
2.307616322804453e-03
2.838758319531720e-03
3.498817694991417e-03
4.074036954551915e-03
4.368112500398195e-03
4.296603029016259e-03
3.816840925600341e-03
3.083220674997783e-03
2.453442810236584e-03
2.189309396373205e-03
2.177231480826258e-03
2.224035466085593e-03
2.200426710648747e-03
2.027953881910878e-03
1.717882679684240e-03
1.515994071444328e-03
1.672593464890018e-03
2.073478165171014e-03
2.383985150220089e-03
2.410217700640394e-03
2.246161134273390e-03
2.022567709351907e-03
1.889185233948615e-03
2.001773787037902e-03
2.358086032599594e-03
2.715015743373757e-03
2.847536249116774e-03
2.744378426354653e-03
2.468419032741973e-03
2.084536137654736e-03
1.659862884166384e-03
1.259887295267533e-03
9.427980475701158e-04
7.615617880586738e-04
7.051421235834065e-04
7.049648794959417e-04
7.305570269168806e-04
8.739817578110391e-04
1.240544822134472e-03
1.807189584116103e-03
2.462287814954943e-03
3.108391484264270e-03
3.684494723551276e-03
4.132481223235919e-03
4.374724918749512e-03
4.324149011182458e-03
3.962171654635118e-03
3.389063627981070e-03
2.720200322804337e-03
2.092041849382884e-03
1.647159615191989e-03
1.435425394570430e-03
1.383803777532576e-03
1.408744166107896e-03
1.416955833599341e-03
1.316837524582315e-03
1.125785478856468e-03
9.722553922530313e-04
9.656141163116330e-04
1.130543132208125e-03
1.467417257210638e-03
1.888980764057504e-03
2.239482373176037e-03
2.445147518636593e-03
2.651714935997160e-03
3.023119963873438e-03
3.540736598157519e-03
4.076630865395199e-03
4.529714875635463e-03
4.854844777056559e-03
5.021330158799413e-03
5.057929334469183e-03
5.020346054156585e-03
4.957081691048584e-03
4.905593853666105e-03
4.914393663477772e-03
5.097766709215086e-03
5.588325894505243e-03
6.393057791282250e-03
7.373881281064149e-03
8.417429275900508e-03
9.543348430794251e-03
1.079892209841598e-02
1.211708804700375e-02
1.332928107155207e-02
1.434426242032253e-02
1.531410585721707e-02
1.643634728310804e-02
1.790703315499592e-02
1.992080451675340e-02
2.258543164304181e-02
2.581279951756098e-02
2.950487932510105e-02
3.371270462728505e-02
3.856428440854426e-02
4.414526109333962e-02
5.046767106758431e-02
5.752954986359952e-02
6.528568987799731e-02
7.367627176710885e-02
8.273478551862319e-02
9.261690866182727e-02
1.034857601856672e-01
1.155006259869070e-01
1.288153866844103e-01
1.434842699869944e-01
1.594612101331289e-01
1.766037959915519e-01
1.944509371450953e-01
2.124934872785044e-01
2.305381496723687e-01
2.486362429831330e-01
2.669525658315473e-01
2.859286628683282e-01
3.060118411645039e-01
3.272516777423918e-01
3.494632638198997e-01
3.725898413217244e-01
3.968303860252666e-01
4.224317803730651e-01
4.497773404846371e-01
4.792816373568143e-01
5.097466267287075e-01
5.375781354302553e-01
5.593835367039625e-01
5.739154624011877e-01
5.807148188474631e-01
5.812454389090297e-01
5.791630316414607e-01
5.779716857413750e-01
5.800913996295589e-01
5.876524379293157e-01
6.024420732945830e-01
6.259465187575085e-01
6.593507416616401e-01
7.029760379042108e-01
7.567388337348042e-01
8.175310549328638e-01
8.802015966017802e-01
9.380905869790205e-01
9.812651506285134e-01
1.000000000000000e+00
9.901979725785105e-01
9.506991668037950e-01
8.840781038164570e-01
7.991753207375026e-01
7.051714257581014e-01
6.095904566583601e-01
5.192476029751270e-01
4.383626933240630e-01
3.678027931908645e-01
3.079181996510448e-01
2.576995254650765e-01
2.157525984015115e-01
1.808537825445098e-01
1.519489885907692e-01
1.280848584726356e-01
1.086273698732205e-01
9.300386607848896e-02
8.054116003531817e-02
7.048944580618631e-02
6.217966642541230e-02
5.515346805622197e-02
4.901665672880427e-02
4.369229744288474e-02
3.928803239193136e-02
3.580638952479758e-02
3.304326289250915e-02
3.076661873356275e-02
2.871178822845083e-02
2.660279598953885e-02
2.432803237545578e-02
2.201709213326433e-02
1.980025034808990e-02
1.770875557393272e-02
1.574327980858175e-02
1.397162831496995e-02
1.253722891155993e-02
1.153611977362287e-02
1.086157050107557e-02
1.035656541167597e-02
9.858418651888476e-03
9.199602652058192e-03
8.293316832959500e-03
7.289478607028183e-03
6.373167393787252e-03
5.633645440599363e-03
5.096493679608651e-03
4.787666742175014e-03
4.736462436613465e-03
4.953501061581245e-03
5.286248190398467e-03
5.500665313847875e-03
5.445661581446135e-03
5.109495240179748e-03
4.525945223715157e-03
3.928624460023305e-03
3.620417919199839e-03
3.641416945234858e-03
3.696080624442659e-03
3.524795499535904e-03
3.130969665688066e-03
2.596045752155043e-03
2.073105358254132e-03
1.785523998455012e-03
1.874277058668718e-03
2.192740780812626e-03
2.532934942724208e-03
2.674590589853938e-03
2.388620268816795e-03
1.622523897274842e-03
7.682404449754037e-04
2.589108579307746e-04
2.514293399181546e-04
7.419788343942819e-04
1.584318093054961e-03
2.365522396636404e-03
2.696587170249765e-03
2.574753496600930e-03
2.166233531680445e-03
1.636481292798999e-03
1.148820478092478e-03
8.405826533028365e-04
7.132180944908704e-04
7.244911392607544e-04
8.558896266263672e-04
1.115310257046567e-03
1.482933991401104e-03
1.825844038871604e-03
1.990606434048169e-03
1.946514961008739e-03
1.767844626800279e-03
1.518272660240320e-03
1.221126802290736e-03
9.035382455715842e-04
7.239919600250256e-04
9.261908700961648e-04
1.570989759696271e-03
2.319855957204469e-03
2.809649419140002e-03
2.909298258766234e-03
2.604944149720983e-03
1.968866408015392e-03
1.213695080217956e-03
5.527929778595325e-04
1.242756628234436e-04
3.536668545096763e-05
3.004797400002876e-04
8.171020381024908e-04
1.482950706200047e-03
2.230274161865821e-03
3.000032874334982e-03
3.712084431737349e-03
4.265830046086157e-03
4.561954038180572e-03
4.508195349981137e-03
4.024402368552812e-03
3.182147174436505e-03
2.165991324697671e-03
1.145243386739909e-03
2.446977030582011e-04
-4.243824868520486e-04
-8.173604686111370e-04
-9.275058127387882e-04
-7.429682723048525e-04
-2.414791954870083e-04
5.743915828164266e-04
1.518083991618306e-03
2.326545933885875e-03
2.879035163636645e-03
3.258770128836035e-03
3.548952691699999e-03
3.751344869493431e-03
3.841172539429310e-03
3.787695150844305e-03
3.553634120015180e-03
3.115849396572478e-03
2.506661366299304e-03
1.777792263363290e-03
1.086720665903110e-03
6.801777919649218e-04
7.270316752938148e-04
1.166578669366602e-03
1.882948085795986e-03
2.589501816857096e-03
2.890307611350070e-03
2.627821353827412e-03
2.158126586607393e-03
1.862540636230653e-03
1.784082396050775e-03
1.799057227892975e-03
1.795752940264832e-03
1.683835244046960e-03
1.412280589170190e-03
1.154341202138728e-03
1.160223560539496e-03
1.454995906434036e-03
1.783325487988281e-03
1.913820717069000e-03
1.798657412462434e-03
1.446690404246811e-03
9.932180382687655e-04
6.945716703949119e-04
7.266890165645208e-04
9.863049490667465e-04
1.314704794784053e-03
1.575805632780596e-03
1.650462826396673e-03
1.516176079543430e-03
1.385878805651349e-03
1.479695613565958e-03
1.744545130544742e-03
1.974459532829641e-03
2.039998488373990e-03
1.956417812528321e-03
1.759547559260856e-03
1.519530631789379e-03
1.319642996446438e-03
1.173271458742412e-03
9.950343147070247e-04
7.196120236433165e-04
4.223434079029829e-04
2.203723061262620e-04
1.503346393416166e-04
1.615224533101866e-04
2.262384035571931e-04
4.202272366371014e-04
8.350589700266490e-04
1.416724675071133e-03
1.989810845901890e-03
2.418402348988315e-03
2.687879799377092e-03
2.809313512946002e-03
2.846272017280559e-03
2.895521607570767e-03
2.990033931935759e-03
3.027039463970495e-03
2.903688208966375e-03
2.656556750993059e-03
2.389705190564042e-03
2.181672442255146e-03
2.069333328567778e-03
2.062145212690809e-03
2.029551362549897e-03
1.794383516385282e-03
1.341112221404219e-03
8.529948747389195e-04
4.972005524423858e-04
3.175098314147124e-04
3.208805010022345e-04
4.476312038295797e-04
5.750935694750947e-04
6.247210296388583e-04
6.684191254251945e-04
8.040486762197300e-04
1.069646597915991e-03
1.459685702827896e-03
1.934347896006508e-03
2.373430693837627e-03
2.658871132836563e-03
2.806553966726754e-03
2.906573638229340e-03
3.034693973781267e-03
3.239070553419849e-03
3.535465797279633e-03
3.737287106028736e-03
3.577575892562525e-03
3.002553569809467e-03
2.256069680982774e-03
1.588975997746665e-03
1.176200252643440e-03
1.160554692438702e-03
1.469017128707771e-03
1.797363531654998e-03
1.896745441188269e-03
1.766737698323368e-03
1.469125231860300e-03
1.138817287210828e-03
9.708712346365108e-04
1.086472402974066e-03
1.397377057828729e-03
1.778397862209713e-03
2.092914060721828e-03
2.197736712652411e-03
2.052546329120134e-03
1.831396592955809e-03
1.707089652013905e-03
1.627998190766921e-03
1.436837247787826e-03
1.113623470457108e-03
8.568954188574613e-04
8.612427651923018e-04
1.185432907137211e-03
1.835731226849828e-03
2.703536194565620e-03
3.540881612672361e-03
4.125246180091417e-03
4.379540486641098e-03
4.272543296572507e-03
3.911807618098870e-03
3.534451480916345e-03
3.346404906922913e-03
3.438493310768052e-03
3.859356207708040e-03
4.397000201547928e-03
4.653093960352203e-03
4.405233978432699e-03
3.859550327139202e-03
3.274114941275744e-03
2.808751596085698e-03
2.568591777595196e-03
2.577878339999672e-03
2.716109116596737e-03
2.865074488528637e-03
3.024630227704976e-03
3.242086324580666e-03
3.499079155710251e-03
3.686611031924963e-03
3.693064888615826e-03
3.426591794794471e-03
2.810387880919937e-03
1.995206997045928e-03
1.372520221882954e-03
1.206635810798379e-03
1.252657505587431e-03
1.162047531079298e-03
8.007084136432435e-04
2.091203345070789e-04
-4.954073927630214e-04
-9.996665575757583e-04
-9.864316216448591e-04
-4.616702239454362e-04
3.669612057838761e-04
1.267631133351539e-03
1.965129994118325e-03
2.218759467296781e-03
2.102107197759076e-03
1.836747074188872e-03
1.582041976552389e-03
1.398695952366582e-03
1.327928245493217e-03
1.348350016836339e-03
1.416260981710576e-03
1.487996517253344e-03
1.519967572272319e-03
1.483570405692216e-03
1.413673084642509e-03
1.362126911065524e-03
1.384302536556124e-03
1.538795020770397e-03
1.835004670655305e-03
2.127528997291854e-03
2.244815225988026e-03
2.070196443442925e-03
1.526444980153185e-03
6.891100651396343e-04
-9.416518054900960e-06
-1.407087155909885e-04
2.138582872828359e-04
6.983612695330703e-04
1.060873156849302e-03
1.239240502348321e-03
1.203276876103737e-03
1.005558315518857e-03
7.330046043346382e-04
4.942962166480187e-04
4.275609979388280e-04
6.489949486225200e-04
1.157175188867215e-03
1.911462859050248e-03
2.789048235868198e-03
3.581281476695497e-03
4.104523910444474e-03
4.280243752654532e-03
4.064286887244659e-03
3.581969011565852e-03
3.094598215561212e-03
2.761127737781671e-03
2.454557146639744e-03
2.023812474017668e-03
1.575056364409069e-03
1.371864136642332e-03
1.546421317812476e-03
1.959831054929779e-03
2.443376871116942e-03
2.851473347795946e-03
3.050480766242303e-03
2.973550697910109e-03
2.656837044128140e-03
2.173346200528859e-03
1.754831541084219e-03
1.681416251193252e-03
1.996777987130880e-03
2.464601969908988e-03
2.864044501893508e-03
3.106560453926550e-03
3.143007050017946e-03
3.019365325481170e-03
2.868227494810886e-03
2.798569973023385e-03
2.836483282716149e-03
2.986453246762503e-03
3.179911650787793e-03
3.297474362701683e-03
3.290162930890780e-03
3.274559727472160e-03
3.366815642759484e-03
3.466395211228935e-03
3.358842173271929e-03
2.980529996133501e-03
2.534512177728159e-03
2.224692588775858e-03
2.083134484319280e-03
2.071089850506981e-03
2.087129563871436e-03
1.945941160511797e-03
1.531883463964410e-03
1.093747913315717e-03
9.762272603326793e-04
1.187239439774496e-03
1.387175297351614e-03
1.330001931422925e-03
1.160471136339008e-03
1.100090495900220e-03
1.208329228650346e-03
1.416012864563990e-03
1.614774000564407e-03
1.601567735324255e-03
1.197153443243857e-03
6.445579692213621e-04
4.414969100697197e-04
8.257017372218077e-04
1.507445295168477e-03
2.151038791139543e-03
2.549718015996653e-03
2.558989166489713e-03
2.192615841996033e-03
1.705071482069124e-03
1.344252568442747e-03
1.208499161830152e-03
1.339475671844815e-03
1.628605309801009e-03
1.791708796105134e-03
1.630546959613569e-03
1.341679762508175e-03
1.212182950821456e-03
1.317359854071849e-03
1.542051521119622e-03
1.771716119610308e-03
1.914411091557686e-03
1.894913209795612e-03
1.796675174742845e-03
1.812401558526310e-03
2.059849267533829e-03
2.480454445636965e-03
2.990595662079878e-03
3.501917485004356e-03
3.923805407051104e-03
4.185085194089180e-03
4.248310354732248e-03
4.081480176178823e-03
3.666077181164805e-03
2.990573883024797e-03
2.109569846171034e-03
1.165305423358306e-03
3.050456356989863e-04
-3.287591222436898e-04
-6.010459185752248e-04
-5.185389935487595e-04
-2.324383868165841e-04
1.171107714524297e-04
4.516852198094986e-04
7.096854768632664e-04
8.796609666841735e-04
9.894692137552663e-04
1.075764040456561e-03
1.195484825976687e-03
1.396662399758622e-03
1.598684968151520e-03
1.644722839188403e-03
1.501746158098475e-03
1.383242618792671e-03
1.489979871234909e-03
1.709366783919529e-03
1.788223806041943e-03
1.592367359345386e-03
1.167747152764300e-03
6.025520079869837e-04
1.353852639708036e-04
4.873445961399682e-05
3.974072847497202e-04
9.732948303128205e-04
1.552304575703098e-03
1.904781964115576e-03
1.815925778168476e-03
1.375897843506388e-03
9.456811621128853e-04
7.958695594185255e-04
8.966996332678310e-04
1.159835957515756e-03
1.468070093481572e-03
1.684851913911740e-03
1.749813343934794e-03
1.775285316379800e-03
1.886558083870448e-03
2.114634788630158e-03
2.441052827919767e-03
2.812608613538768e-03
3.117392118664402e-03
3.254246053568850e-03
3.227214334426355e-03
3.080496590885469e-03
2.813173306300925e-03
2.365132259939569e-03
1.719105011376673e-03
1.077328117608612e-03
6.995928089576564e-04
6.902614419498044e-04
9.972864822823291e-04
1.524618905396250e-03
2.047493592674583e-03
2.326788006013845e-03
2.327245198102699e-03
2.171386754010659e-03
2.001700083744295e-03
2.001644875626198e-03
2.328415701577709e-03
2.798862037241322e-03
3.029857862226654e-03
2.836061550998531e-03
2.422720552661563e-03
2.023263714876145e-03
1.745957928034768e-03
1.641174007341124e-03
1.670730906873734e-03
1.665267625337164e-03
1.480390345368678e-03
1.164660597306370e-03
8.316821103993456e-04
5.951083641260342e-04
