# ToAs for B0531+21
# Column 1: MJD (days)
# Column 2: Uncertainty (seconds)

61116.461458509249496274 8.520517e-05
61116.463657577754929662 4.994052e-05
61116.465972245096054394 5.034159e-05
61116.468287266601691954 6.432646e-05
61116.470601969071140047 5.987483e-05
61116.472916635684669018 5.128690e-05
61116.475231693657406140 7.389051e-05
61116.477546585731033701 7.517162e-05
61116.479861026302387472 5.212754e-05
61116.482176083765807562 3.915935e-05
61116.484490750313852914 4.747832e-05
61116.486805808854114730 5.316730e-05
61116.489120474594528787 6.400592e-05
61116.491435114003252238 6.772245e-05
61116.493750256784551311 6.887286e-05
61116.496064865750668105 7.097067e-05
61116.498379629745613784 6.307986e-05
61116.500694590875355061 5.171602e-05
61116.503008864565344993 6.627109e-05
61116.505323922989191487 6.384285e-05
61116.507638630500878207 7.432728e-05
61116.509953208886145148 5.641091e-05
61116.512268313941603992 4.381952e-05
61116.514582980838895310 5.562550e-05
61116.516898039124498609 5.655157e-05
61116.519212702311051544 5.724949e-05
61116.521527326629438903 5.169006e-05
61116.523842472568503581 6.181173e-05
61116.526157303931540810 5.826641e-05
61116.528471825171436649 4.621401e-05
61116.530786820869252551 4.106784e-05
61116.533101486988016404 4.327714e-05
61116.535416545324551407 4.928709e-05
61116.537731211028585676 5.449209e-05
61116.540045878115051892 4.063607e-05
61116.542360936538898386 4.311941e-05
61116.544675994773569982 4.233575e-05
61116.546990270122478250 5.630545e-05
61116.549305719490803313 3.869386e-05
61116.551620385784190148 3.921552e-05
61116.553935052790620830 4.150665e-05
61116.556250111301778816 4.197245e-05
61116.558564777675201185 3.621803e-05
61116.560879444405145478 4.959692e-05
61116.563194110436597839 3.814624e-05
61116.565508777443028521 4.061614e-05
61116.567824228179233614 3.901225e-05
61116.570138503018824849 4.265206e-05
61116.572453561369911768 4.371167e-05
61116.574768227459571790 4.074052e-05
61116.577083286312699784 3.528242e-05
61116.579397953813895583 4.568426e-05
61116.581712620180041995 4.203523e-05
61116.584028070756176021 3.402422e-05
61116.586342557471652981 8.898814e-05
61116.588657011576287914 4.317471e-05
61116.590972070400312077 4.212819e-05
61116.593286737872404046 5.270930e-05
61116.595601404245826416 4.228234e-05
61116.597916462545981631 4.507239e-05
61116.600231129836174659 3.802068e-05
61116.602546188260021154 4.668837e-05
61116.604860856401501223 4.811570e-05
61116.607175522316538263 4.197880e-05
61116.609490581773570739 4.225587e-05
61116.611805248481687158 4.395530e-05
61116.614119915990158916 4.660507e-05
61116.616434974741423503 4.794160e-05
61116.618749641442263965 5.104598e-05
61116.621064700644637924 3.336918e-05
61116.623379367541929241 3.932789e-05
61116.625694035137712490 4.417795e-05
61116.628009485932125244 4.916572e-05
61116.630323761375620961 3.793705e-05
61116.632638819850399159 4.911820e-05
61116.634953486791346222 4.378366e-05
61116.637268154518096708 4.261451e-05
61116.639583214091544505 4.090065e-05
61116.641898273039259948 5.367705e-05
61116.644212548322684597 5.753734e-05
61116.646527608201722614 4.047913e-05
61116.648842667891585734 3.935726e-05
61116.651157334657909814 4.245443e-05
61116.653472393874835689 4.038866e-05
61116.655786669449298643 4.613400e-05
61116.658101729080954101 3.810329e-05
61116.660416396473010536 4.682004e-05
61116.662731063574028667 8.004125e-05
61116.665046123605861794 4.013515e-05
61116.667361182793683838 3.805177e-05
61116.669675458382698707 3.635712e-05
61116.671990517701487988 5.214475e-05
61116.674305185864795931 4.551109e-05
61116.676620245998492464 5.314016e-05
61116.678934913805278484 4.090754e-05
61116.681249581743031740 3.684452e-05
61116.683564641039993148 4.287658e-05
61116.685879308999574278 5.312395e-05
61116.688193977483024355 4.075871e-05
61116.690161855054611806 5.410686e-05
