61116.461458509249496274 8.52e-05
61116.463657577754929662 4.99e-05
61116.465972245096054394 5.03e-05
61116.468287266601691954 6.43e-05
61116.470601969071140047 5.99e-05
61116.472916635684669018 5.13e-05
61116.475231693657406140 7.39e-05
61116.477546585731033701 7.52e-05
61116.479861026302387472 5.21e-05
61116.482176083765807562 3.92e-05
61116.484490750313852914 4.75e-05
61116.486805808854114730 5.32e-05
61116.489120474594528787 6.4e-05
61116.491435114003252238 6.77e-05
61116.493750256784551311 6.89e-05
61116.496064865750668105 7.1e-05
61116.498379629745613784 6.31e-05
61116.500694590875355061 5.17e-05
61116.503008864565344993 6.63e-05
61116.505323922989191487 6.38e-05
61116.507638630500878207 7.43e-05
61116.509953208886145148 5.64e-05
61116.512268313941603992 4.38e-05
61116.514582980838895310 5.56e-05
61116.516898039124498609 5.66e-05
61116.519212702311051544 5.72e-05
61116.521527326629438903 5.17e-05
61116.523842472568503581 6.18e-05
61116.526157303931540810 5.83e-05
61116.528471825171436649 4.62e-05
61116.530786820869252551 4.11e-05
61116.533101486988016404 4.33e-05
61116.535416545324551407 4.93e-05
61116.537731211028585676 5.45e-05
61116.540045878115051892 4.06e-05
61116.542360936538898386 4.31e-05
61116.544675994773569982 4.23e-05
61116.546990270122478250 5.63e-05
61116.549305719490803313 3.87e-05
61116.551620385784190148 3.92e-05
61116.553935052790620830 4.15e-05
61116.556250111301778816 4.2e-05
61116.558564777675201185 3.62e-05
61116.560879444405145478 4.96e-05
61116.563194110436597839 3.81e-05
61116.565508777443028521 4.06e-05
61116.567824228179233614 3.9e-05
61116.570138503018824849 4.27e-05
61116.572453561369911768 4.37e-05
61116.574768227459571790 4.07e-05
61116.577083286312699784 3.53e-05
61116.579397953813895583 4.57e-05
61116.581712620180041995 4.2e-05
61116.584028070756176021 3.4e-05
61116.586342557471652981 8.9e-05
61116.588657011576287914 4.32e-05
61116.590972070400312077 4.21e-05
61116.593286737872404046 5.27e-05
61116.595601404245826416 4.23e-05
61116.597916462545981631 4.51e-05
61116.600231129836174659 3.8e-05
61116.602546188260021154 4.67e-05
61116.604860856401501223 4.81e-05
61116.607175522316538263 4.2e-05
61116.609490581773570739 4.23e-05
61116.611805248481687158 4.4e-05
61116.614119915990158916 4.66e-05
61116.616434974741423503 4.79e-05
61116.618749641442263965 5.1e-05
61116.621064700644637924 3.34e-05
61116.623379367541929241 3.93e-05
61116.625694035137712490 4.42e-05
61116.628009485932125244 4.92e-05
61116.630323761375620961 3.79e-05
61116.632638819850399159 4.91e-05
61116.634953486791346222 4.38e-05
61116.637268154518096708 4.26e-05
61116.639583214091544505 4.09e-05
61116.641898273039259948 5.37e-05
61116.644212548322684597 5.75e-05
61116.646527608201722614 4.05e-05
61116.648842667891585734 3.94e-05
61116.651157334657909814 4.25e-05
61116.653472393874835689 4.04e-05
61116.655786669449298643 4.61e-05
61116.658101729080954101 3.81e-05
61116.660416396473010536 4.68e-05
61116.662731063574028667 8e-05
61116.665046123605861794 4.01e-05
61116.667361182793683838 3.81e-05
61116.669675458382698707 3.64e-05
61116.671990517701487988 5.21e-05
61116.674305185864795931 4.55e-05
61116.676620245998492464 5.31e-05
61116.678934913805278484 4.09e-05
61116.681249581743031740 3.68e-05
61116.683564641039993148 4.29e-05
61116.685879308999574278 5.31e-05
61116.688193977483024355 4.08e-05
61116.690161855054611806 5.41e-05
