61102.485995025155716576 8.61e-05
61102.487731292269018013 3.76e-05
61102.490045919359545223 3.95e-05
61102.492360938158526551 4.2e-05
61102.494675565736542922 3.79e-05
61102.496990583364095073 4.69e-05
61102.499189617279625963 4.32e-05
61102.501620188893866725 nan
61102.504282423622498754 4.13e-05
61102.506249876445508562 4.57e-05
61102.508564503274101298 3.62e-05
61102.510879522342293058 3.67e-05
61102.513194541475968435 3.78e-05
61102.515508776654314715 3.7e-05
61102.517823794936703052 4.13e-05
61102.520138422129093669 4.21e-05
61102.522453833684267011 3.59e-05
61102.524768068535195198 3.39e-05
61102.527083087195933331 3.53e-05
61102.529398105951258913 4.21e-05
61102.531712693933513947 7.65e-05
61102.534027360765321646 3.44e-05
61102.536342771418276243 3.24e-05
61102.538657006261928473 3.77e-05
61102.540046095244179014 4.76e-05
61102.544328568183118477 4.07e-05
61102.545601671816257294 3.37e-05
61102.547916299030475784 4.45e-05
61102.550231318076839671 4.1e-05
61102.552545944679877721 4.22e-05
61102.554860963733517565 4.05e-05
61102.557175590583938174 4.3e-05
61102.559490610452485271 4.22e-05
61102.561805237448425032 4.48e-05
61102.564120256247406360 4.06e-05
61102.566434884458431043 4.07e-05
61102.568749511119676754 4.11e-05
61102.571064530209696386 3.73e-05
61102.573379157329327427 4.2e-05
61102.575694176550314296 3.55e-05
61102.578008803742704913 4.76e-05
61102.580323823014623486 3.87e-05
61102.582638450265221763 3.76e-05
61102.584953469704487361 4.3e-05
61102.587268489216512535 4.16e-05
61102.589583116234280169 4.89e-05
61102.591898135935480241 4.14e-05
61102.594213154712633695 4.39e-05
61102.596527390014671255 3.79e-05
61102.598842409686767496 3.4e-05
61102.601157428696751595 3.51e-05
61102.603472448456159327 3.66e-05
61102.605787076230626553 3.98e-05
61102.608102094942296389 3.57e-05
61102.610416331015585456 3.71e-05
61102.612731350272952113 3.16e-05
61102.615045977778208908 4.1e-05
61102.616435068091959693 5.59e-05
61102.620370366261340678 4.45e-05
61102.621990253021067474 4.09e-05
61102.624305663739505690 4.21e-05
61102.626967074298590887 3.79e-05
61102.629108506851480342 4.79e-05
61102.631249546902836300 4.17e-05
61102.633564566291170195 3.73e-05
61102.635879194480367005 4.41e-05
61102.638194213941460475 3.18e-05
61102.640508842065173667 3.73e-05
61102.642823861562646925 4.59e-05
61102.645138489111559466 3.71e-05
61102.647453509649494663 3.4e-05
61102.649768137322098482 3.49e-05
61102.652083157066954300 3.28e-05
61102.654397784834145568 3.31e-05
61102.656712804855487775 3.5e-05
61102.659027432724542450 3.67e-05
61102.661342452949611470 3.52e-05
61102.663657080323901027 3.51e-05
61102.665972100978251547 3.74e-05
61102.668286728861858137 3.87e-05
61102.670601356905535795 3.28e-05
61102.672916769311996177 4.36e-05
61102.675231397181050852 3.62e-05
61102.677546025290212128 3.54e-05
61102.679861003918631468 nan
61102.682176024078216869 nan
61102.684721882571466267 4.36e-05
61102.686805714452930260 3.57e-05
61102.689119951108295936 3.29e-05
61102.691435363100026734 3.64e-05
61102.693518019041221123 4.02e-05
