61088.609606412421271671 7.09e-05
61088.611805394175462425 3.26e-05
61088.614120361686218530 2.71e-05
61088.616434936549921986 4.02e-05
61088.618749903464049567 3.33e-05
61088.621064870712871198 2.74e-05
61088.623379445729369763 3.03e-05
61088.625694413116434589 3.68e-05
61088.628009379004652146 3.16e-05
61088.630324346362613142 2.75e-05
61088.632639313458639663 3.85e-05
61088.634915489259583410 4.15e-05
61088.637268463644431904 4.1e-05
61088.639583431489882059 3.86e-05
61088.641885076191101689 3.28e-05
61088.644213365747418720 3.62e-05
61088.646527548597077839 4.17e-05
61088.648842517242883332 5.51e-05
61088.652083750428573694 6.31e-05
61088.653472450234403368 2.9e-05
61088.655787025410973001 3.46e-05
61088.658101759676355869 3.44e-05
61088.660416569211520255 4.16e-05
61088.662731927412096411 3.33e-05
61088.665046110734692775 3.31e-05
61088.667361078099929728 3.64e-05
61088.669618054234888405 3.83e-05
61088.671990622024168260 2.87e-05
61088.674305588756396901 3.03e-05
61088.676581764651928097 3.35e-05
61088.679108529991935939 8.61e-05
61088.681250100009492598 5.68e-05
61088.683564675106026698 4.72e-05
61088.685879643497173674 3e-05
61088.688194218113494571 7.44e-05
61088.690509186963026877 3.04e-05
