# ToAs for B0531+21
# Column 1: MJD (days)
# Column 2: Uncertainty (seconds)

61088.609606479854846839 8.023995e-05
61088.611805462613119744 1.248113e-04
61088.614120429949252866 8.665501e-05
61088.616435005518724211 1.101432e-04
61088.618749971319630276 8.905172e-05
61088.621064938160998281 1.002190e-04
61088.623379513024701737 7.888067e-05
61088.625694481961545534 1.321317e-04
61088.628009447893418837 9.739656e-05
61088.630324414618371520 9.581420e-05
61088.632639381561602931 7.950730e-05
61088.634915556947817095 1.102119e-04
61088.637268531696463469 1.066505e-04
61088.639583500553271733 1.098452e-04
61088.641885101118532475 2.136662e-04
61088.644213311366911512 1.818861e-04
61088.646527615092054475 1.505072e-04
61088.648842584421799984 1.338693e-04
61088.652083818269602489 1.867616e-04
61088.653472518548369408 8.767164e-05
61088.655787093739490956 8.739973e-05
61088.658102061039244290 1.687631e-04
61088.660416636477748398 9.097999e-05
61088.662731994991190732 1.386053e-04
61088.665046178233751561 1.094259e-04
61088.667361146239272784 9.502036e-05
61088.669618121733947191 1.466275e-04
61088.671990689108497463 8.109077e-05
61088.674305657492368482 9.996685e-05
61088.676581831801740918 9.633104e-05
61088.679108722935779952 2.366456e-04
61088.681250168614496943 1.490158e-04
61088.683564744176692329 1.267847e-04
61088.685879710923472885 7.318771e-05
61088.688194286034558900 1.144861e-04
61088.690508920284628402 2.451323e-04
